   1 (0.000000,0.000000)   3  195 606 888
   2 (0.000000,0.000000)   2  849 955
   3 (0.000000,0.000000)   1  116
   4 (0.000000,0.000000)   4  25 94 408 829
   5 (0.000000,0.000000)   8  86 213 308 351 610 663 777 999
   6 (0.000000,0.000000)   4  227 230 514 812
   7 (0.000000,0.000000)   6  98 295 298 362 391 746
   8 (0.000000,0.000000)   6  129 336 477 513 590 708
   9 (0.000000,0.000000)   6  39 266 414 545 789 853
  10 (0.000000,0.000000)   8  266 386 439 459 547 599 789 955
  11 (0.000000,0.000000)   5  166 460 636 756 790
  12 (0.000000,0.000000)   5  220 308 328 755 757
  13 (0.000000,0.000000)   2  577 655
  14 (0.000000,0.000000)   6  163 385 485 740 827 944
  15 (0.000000,0.000000)   2  124 227
  16 (0.000000,0.000000)   5  239 338 643 982 986
  17 (0.000000,0.000000)   2  137 168
  18 (0.000000,0.000000)   3  326 528 692
  19 (0.000000,0.000000)   8  130 245 417 557 602 670 707 883
  20 (0.000000,0.000000)   6  345 571 761 764 948 956
  21 (0.000000,0.000000)   6  198 330 495 696 703 994
  22 (0.000000,0.000000)   5  66 120 297 351 411
  23 (0.000000,0.000000)   6  46 142 160 285 573 719
  24 (0.000000,0.000000)   6  43 99 141 209 729 954
  25 (0.000000,0.000000)   6  4 105 222 312 803 900
  26 (0.000000,0.000000)   5  64 75 227 359 701
  27 (0.000000,0.000000)   2  928 930
  28 (0.000000,0.000000)   3  338 639 804
  29 (0.000000,0.000000)   2  835 964
  30 (0.000000,0.000000)   9  34 119 143 162 260 468 617 973 989
  31 (0.000000,0.000000)   3  367 728 958
  32 (0.000000,0.000000)   4  241 277 278 367
  33 (0.000000,0.000000)   8  44 118 120 217 274 520 958 965
  34 (0.000000,0.000000)   7  30 212 251 283 486 595 759
  35 (0.000000,0.000000)   4  41 402 846 952
  36 (0.000000,0.000000)   8  175 227 408 623 757 798 851 976
  37 (0.000000,0.000000)   7  169 258 308 321 672 747 894
  38 (0.000000,0.000000)   3  196 255 676
  39 (0.000000,0.000000)   9  9 166 267 285 332 466 564 683 820
  40 (0.000000,0.000000)   9  53 204 323 476 583 857 872 909 997
  41 (0.000000,0.000000)   3  35 73 275
  42 (0.000000,0.000000)   3  79 642 779
  43 (0.000000,0.000000)   4  24 774 781 800
  44 (0.000000,0.000000)   4  33 291 299 915
  45 (0.000000,0.000000)   6  221 515 709 738 744 872
  46 (0.000000,0.000000)   7  23 390 505 701 769 856 881
  47 (0.000000,0.000000)   3  165 653 887
  48 (0.000000,0.000000)   2  491 680
  49 (0.000000,0.000000)   5  172 553 597 790 978
  50 (0.000000,0.000000)   3  353 539 632
  51 (0.000000,0.000000)  10  214 226 243 309 377 608 672 809 810 975
  52 (0.000000,0.000000)   2  340 347
  53 (0.000000,0.000000)   4  40 139 195 640
  54 (0.000000,0.000000)   7  154 345 532 836 897 956 961
  55 (0.000000,0.000000)   1  623
  56 (0.000000,0.000000)   6  59 349 440 740 760 776
  57 (0.000000,0.000000)   5  114 227 450 524 708
  58 (0.000000,0.000000)   5  376 564 579 663 689
  59 (0.000000,0.000000)   1  56
  60 (0.000000,0.000000)   4  485 509 548 854
  61 (0.000000,0.000000)   4  214 343 542 581
  62 (0.000000,0.000000)   6  143 520 529 550 770 844
  63 (0.000000,0.000000)   4  202 734 963 970
  64 (0.000000,0.000000)   5  26 152 154 299 508
  65 (0.000000,0.000000)   6  75 201 208 549 610 988
  66 (0.000000,0.000000)   8  22 467 494 633 636 739 786 958
  67 (0.000000,0.000000)   8  336 365 370 598 792 895 911 987
  68 (0.000000,0.000000)   3  92 647 968
  69 (0.000000,0.000000)   2  873 998
  70 (0.000000,0.000000)   5  92 376 819 910 988
  71 (0.000000,0.000000)   7  136 170 175 333 381 422 785
  72 (0.000000,0.000000)   6  146 366 397 415 500 988
  73 (0.000000,0.000000)   4  41 134 310 640
  74 (0.000000,0.000000)   5  116 161 231 540 960
  75 (0.000000,0.000000)  11  26 65 202 538 571 631 761 840 875 943 946
  76 (0.000000,0.000000)   6  117 151 520 574 602 914
  77 (0.000000,0.000000)   3  153 492 496
  78 (0.000000,0.000000)   8  387 402 446 559 604 648 719 901
  79 (0.000000,0.000000)   4  42 251 558 894
  80 (0.000000,0.000000)   2  518 884
  81 (0.000000,0.000000)   7  332 386 673 807 921 976 979
  82 (0.000000,0.000000)   7  246 490 580 687 905 923 959
  83 (0.000000,0.000000)   5  142 168 260 325 802
  84 (0.000000,0.000000)   6  91 220 246 737 919 945
  85 (0.000000,0.000000)   5  318 329 532 652 852
  86 (0.000000,0.000000)   7  5 232 301 337 499 693 883
  87 (0.000000,0.000000)   2  123 319
  88 (0.000000,0.000000)   5  197 346 588 843 921
  89 (0.000000,0.000000)   1  959
  90 (0.000000,0.000000)   3  106 337 494
  91 (0.000000,0.000000)   7  84 227 286 314 355 920 922
  92 (0.000000,0.000000)   6  68 70 185 350 379 931
  93 (0.000000,0.000000)   3  393 502 885
  94 (0.000000,0.000000)   3  4 668 846
  95 (0.000000,0.000000)   7  336 417 507 608 749 840 927
  96 (0.000000,0.000000)   2  99 610
  97 (0.000000,0.000000)   2  812 994
  98 (0.000000,0.000000)   3  7 105 787
  99 (0.000000,0.000000)   8  24 96 345 402 820 850 888 989
 100 (0.000000,0.000000)   2  274 552
 101 (0.000000,0.000000)   1  590
 102 (0.000000,0.000000)   6  309 387 417 562 772 906
 103 (0.000000,0.000000)   5  430 597 653 814 934
 104 (0.000000,0.000000)   4  121 167 449 773
 105 (0.000000,0.000000)   5  25 98 361 533 951
 106 (0.000000,0.000000)   7  90 119 202 361 624 768 960
 107 (0.000000,0.000000)   5  123 137 632 636 716
 108 (0.000000,0.000000)   5  280 634 638 792 840
 109 (0.000000,0.000000)   5  127 353 441 892 928
 110 (0.000000,0.000000)   4  157 399 531 628
 111 (0.000000,0.000000)   4  299 411 516 680
 112 (0.000000,0.000000)   7  241 249 450 523 582 879 882
 113 (0.000000,0.000000)   4  202 351 410 808
 114 (0.000000,0.000000)   7  57 316 352 430 480 648 751
 115 (0.000000,0.000000)   3  286 549 958
 116 (0.000000,0.000000)  10  3 74 545 566 760 848 879 902 903 990
 117 (0.000000,0.000000)  10  76 164 407 432 460 468 528 598 924 979
 118 (0.000000,0.000000)   2  33 764
 119 (0.000000,0.000000)   9  30 106 288 347 454 537 717 818 871
 120 (0.000000,0.000000)   7  22 33 356 471 516 536 728
 121 (0.000000,0.000000)   5  104 426 518 810 952
 122 (0.000000,0.000000)   1  460
 123 (0.000000,0.000000)   9  87 107 208 319 555 619 661 884 992
 124 (0.000000,0.000000)   6  15 210 347 365 442 880
 125 (0.000000,0.000000)   4  573 641 667 915
 126 (0.000000,0.000000)   7  261 434 542 718 755 771 932
 127 (0.000000,0.000000)   3  109 726 897
 128 (0.000000,0.000000)   3  210 256 789
 129 (0.000000,0.000000)   5  8 471 777 815 990
 130 (0.000000,0.000000)   7  19 376 391 500 634 816 912
 131 (0.000000,0.000000)   4  178 203 310 713
 132 (0.000000,0.000000)   4  718 732 891 981
 133 (0.000000,0.000000)   7  181 198 226 401 621 688 740
 134 (0.000000,0.000000)   6  73 153 180 456 462 504
 135 (0.000000,0.000000)   4  212 219 723 835
 136 (0.000000,0.000000)   7  71 179 209 335 576 652 740
 137 (0.000000,0.000000)   8  17 107 148 221 320 883 924 990
 138 (0.000000,0.000000)   3  651 674 758
 139 (0.000000,0.000000)   6  53 167 276 589 773 935
 140 (0.000000,0.000000)   9  183 373 541 551 567 745 752 884 980
 141 (0.000000,0.000000)   3  24 343 743
 142 (0.000000,0.000000)   6  23 83 143 247 739 891
 143 (0.000000,0.000000)   8  30 62 142 146 178 645 963 991
 144 (0.000000,0.000000)   4  248 453 470 575
 145 (0.000000,0.000000)   4  463 643 648 826
 146 (0.000000,0.000000)   4  72 143 719 936
 147 (0.000000,0.000000)   4  287 571 577 991
 148 (0.000000,0.000000)   4  137 511 517 915
 149 (0.000000,0.000000)   3  248 344 759
 150 (0.000000,0.000000)   4  756 837 843 961
 151 (0.000000,0.000000)   9  76 327 354 613 652 663 697 855 903
 152 (0.000000,0.000000)  10  64 205 267 402 411 491 540 752 838 932
 153 (0.000000,0.000000)   3  77 134 560
 154 (0.000000,0.000000)   5  54 64 293 323 884
 155 (0.000000,0.000000)   2  620 962
 156 (0.000000,0.000000)   3  392 446 945
 157 (0.000000,0.000000)   6  110 336 479 668 736 778
 158 (0.000000,0.000000)   8  263 474 576 763 792 804 891 965
 159 (0.000000,0.000000)   3  453 478 902
 160 (0.000000,0.000000)   5  23 198 454 761 829
 161 (0.000000,0.000000)   4  74 393 615 849
 162 (0.000000,0.000000)   6  30 375 387 389 456 937
 163 (0.000000,0.000000)   6  14 467 604 646 908 979
 164 (0.000000,0.000000)   3  117 454 623
 165 (0.000000,0.000000)   6  47 248 657 765 985 993
 166 (0.000000,0.000000)   8  11 39 346 464 572 704 710 767
 167 (0.000000,0.000000)   4  104 139 764 930
 168 (0.000000,0.000000)   6  17 83 192 420 744 886
 169 (0.000000,0.000000)   5  37 411 461 621 628
 170 (0.000000,0.000000)   5  71 401 563 716 925
 171 (0.000000,0.000000)   4  269 291 440 745
 172 (0.000000,0.000000)   6  49 245 320 417 468 559
 173 (0.000000,0.000000)   3  272 476 723
 174 (0.000000,0.000000)   2  600 944
 175 (0.000000,0.000000)   6  36 71 303 475 696 956
 176 (0.000000,0.000000)   3  474 703 839
 177 (0.000000,0.000000)   7  405 406 429 508 592 847 955
 178 (0.000000,0.000000)   3  131 143 533
 179 (0.000000,0.000000)   6  136 223 314 552 921 999
 180 (0.000000,0.000000)   4  134 318 412 434
 181 (0.000000,0.000000)   4  133 912 927 998
 182 (0.000000,0.000000)   4  333 530 837 1000
 183 (0.000000,0.000000)   5  140 329 716 754 970
 184 (0.000000,0.000000)   3  260 836 991
 185 (0.000000,0.000000)   3  92 390 850
 186 (0.000000,0.000000)   0 
 187 (0.000000,0.000000)   6  210 241 455 654 951 979
 188 (0.000000,0.000000)   8  219 380 388 411 504 573 815 965
 189 (0.000000,0.000000)   6  241 384 604 607 692 800
 190 (0.000000,0.000000)   6  249 292 495 655 692 771
 191 (0.000000,0.000000)   2  213 245
 192 (0.000000,0.000000)   7  168 222 262 268 452 809 817
 193 (0.000000,0.000000)   3  489 524 562
 194 (0.000000,0.000000)   7  539 615 652 696 900 950 988
 195 (0.000000,0.000000)   5  1 53 230 294 739
 196 (0.000000,0.000000)   8  38 520 578 641 768 831 837 948
 197 (0.000000,0.000000)   4  88 200 206 350
 198 (0.000000,0.000000)   6  21 133 160 428 454 854
 199 (0.000000,0.000000)   6  296 324 460 521 691 900
 200 (0.000000,0.000000)   6  197 289 350 488 541 903
 201 (0.000000,0.000000)   8  65 339 432 467 570 819 914 957
 202 (0.000000,0.000000)  11  63 75 106 113 348 445 650 653 739 770 794
 203 (0.000000,0.000000)   3  131 221 613
 204 (0.000000,0.000000)   5  40 230 460 582 593
 205 (0.000000,0.000000)   4  152 800 837 873
 206 (0.000000,0.000000)   7  197 294 395 453 458 633 905
 207 (0.000000,0.000000)   1  995
 208 (0.000000,0.000000)   6  65 123 484 634 706 760
 209 (0.000000,0.000000)   9  24 136 246 372 414 497 631 645 986
 210 (0.000000,0.000000)  10  124 128 187 232 334 566 697 755 839 868
 211 (0.000000,0.000000)   1  453
 212 (0.000000,0.000000)   5  34 135 226 530 674
 213 (0.000000,0.000000)   8  5 191 426 506 529 588 670 844
 214 (0.000000,0.000000)   4  51 61 400 455
 215 (0.000000,0.000000)   7  354 367 460 616 747 794 994
 216 (0.000000,0.000000)   7  455 602 616 747 756 836 880
 217 (0.000000,0.000000)   2  33 250
 218 (0.000000,0.000000)   2  395 572
 219 (0.000000,0.000000)   4  135 188 485 818
 220 (0.000000,0.000000)   5  12 84 617 632 677
 221 (0.000000,0.000000)   6  45 137 203 283 310 392
 222 (0.000000,0.000000)   7  25 192 251 334 511 842 968
 223 (0.000000,0.000000)   5  179 407 666 890 894
 224 (0.000000,0.000000)   6  332 340 342 397 459 963
 225 (0.000000,0.000000)   5  682 761 830 858 943
 226 (0.000000,0.000000)   4  51 133 212 383
 227 (0.000000,0.000000)  10  6 15 26 36 57 91 532 744 883 897
 228 (0.000000,0.000000)   1  983
 229 (0.000000,0.000000)   6  319 395 439 548 557 563
 230 (0.000000,0.000000)   8  6 195 204 245 274 663 854 968
 231 (0.000000,0.000000)   3  74 260 338
 232 (0.000000,0.000000)   6  86 210 332 474 937 991
 233 (0.000000,0.000000)   2  377 657
 234 (0.000000,0.000000)   6  468 514 609 762 822 840
 235 (0.000000,0.000000)   5  405 425 457 508 920
 236 (0.000000,0.000000)   3  390 538 643
 237 (0.000000,0.000000)   6  254 325 366 415 434 619
 238 (0.000000,0.000000)   3  399 822 881
 239 (0.000000,0.000000)   4  16 502 757 897
 240 (0.000000,0.000000)   5  275 295 309 412 613
 241 (0.000000,0.000000)   9  32 112 187 189 421 680 719 789 879
 242 (0.000000,0.000000)   6  349 402 546 743 839 923
 243 (0.000000,0.000000)   4  51 518 761 936
 244 (0.000000,0.000000)   3  280 292 607
 245 (0.000000,0.000000)   8  19 172 191 230 293 664 671 948
 246 (0.000000,0.000000)   7  82 84 209 281 406 419 783
 247 (0.000000,0.000000)   2  142 837
 248 (0.000000,0.000000)   4  144 149 165 387
 249 (0.000000,0.000000)   6  112 190 442 448 571 833
 250 (0.000000,0.000000)   2  217 703
 251 (0.000000,0.000000)  10  34 79 222 356 401 606 730 737 896 956
 252 (0.000000,0.000000)   4  472 576 613 626
 253 (0.000000,0.000000)   2  942 979
 254 (0.000000,0.000000)   3  237 314 759
 255 (0.000000,0.000000)   6  38 309 486 539 540 821
 256 (0.000000,0.000000)   1  128
 257 (0.000000,0.000000)   5  358 381 415 508 735
 258 (0.000000,0.000000)   2  37 857
 259 (0.000000,0.000000)   2  416 867
 260 (0.000000,0.000000)   6  30 83 184 231 561 871
 261 (0.000000,0.000000)   5  126 328 549 764 861
 262 (0.000000,0.000000)   5  192 353 413 427 470
 263 (0.000000,0.000000)   5  158 396 406 550 588
 264 (0.000000,0.000000)   3  347 673 962
 265 (0.000000,0.000000)   4  316 523 609 614
 266 (0.000000,0.000000)   5  9 10 314 454 816
 267 (0.000000,0.000000)   5  39 152 772 816 836
 268 (0.000000,0.000000)   4  192 308 505 843
 269 (0.000000,0.000000)   2  171 819
 270 (0.000000,0.000000)   6  302 320 547 557 617 740
 271 (0.000000,0.000000)   5  346 566 700 938 992
 272 (0.000000,0.000000)   5  173 339 443 842 879
 273 (0.000000,0.000000)   0 
 274 (0.000000,0.000000)   8  33 100 230 408 541 553 708 832
 275 (0.000000,0.000000)   6  41 240 479 485 812 910
 276 (0.000000,0.000000)   5  139 324 460 917 926
 277 (0.000000,0.000000)   5  32 799 865 940 954
 278 (0.000000,0.000000)   3  32 754 938
 279 (0.000000,0.000000)   2  775 838
 280 (0.000000,0.000000)   3  108 244 722
 281 (0.000000,0.000000)   4  246 385 582 953
 282 (0.000000,0.000000)   4  314 531 722 791
 283 (0.000000,0.000000)   2  34 221
 284 (0.000000,0.000000)   1  347
 285 (0.000000,0.000000)   3  23 39 704
 286 (0.000000,0.000000)   2  91 115
 287 (0.000000,0.000000)   3  147 541 576
 288 (0.000000,0.000000)   3  119 517 725
 289 (0.000000,0.000000)   8  200 361 470 606 689 700 823 902
 290 (0.000000,0.000000)   3  501 604 844
 291 (0.000000,0.000000)   5  44 171 293 645 808
 292 (0.000000,0.000000)   4  190 244 512 942
 293 (0.000000,0.000000)  10  154 245 291 355 375 519 667 675 768 889
 294 (0.000000,0.000000)   8  195 206 299 506 587 791 878 927
 295 (0.000000,0.000000)   5  7 240 505 582 901
 296 (0.000000,0.000000)   5  199 414 587 693 804
 297 (0.000000,0.000000)   4  22 598 778 903
 298 (0.000000,0.000000)   8  7 299 336 483 601 615 664 859
 299 (0.000000,0.000000)   6  44 64 111 294 298 854
 300 (0.000000,0.000000)   2  756 790
 301 (0.000000,0.000000)   3  86 549 567
 302 (0.000000,0.000000)   2  270 332
 303 (0.000000,0.000000)   4  175 313 361 563
 304 (0.000000,0.000000)   0 
 305 (0.000000,0.000000)   6  321 385 452 650 940 978
 306 (0.000000,0.000000)   7  311 376 423 778 844 869 878
 307 (0.000000,0.000000)   2  617 694
 308 (0.000000,0.000000)   6  5 12 37 268 709 809
 309 (0.000000,0.000000)   6  51 102 240 255 318 786
 310 (0.000000,0.000000)   7  73 131 221 474 475 807 953
 311 (0.000000,0.000000)   5  306 432 460 847 977
 312 (0.000000,0.000000)   2  25 393
 313 (0.000000,0.000000)   6  303 353 474 602 818 874
 314 (0.000000,0.000000)   8  91 179 254 266 282 493 573 964
 315 (0.000000,0.000000)   8  352 437 699 705 795 812 849 900
 316 (0.000000,0.000000)   5  114 265 647 677 925
 317 (0.000000,0.000000)   7  351 529 605 639 748 809 966
 318 (0.000000,0.000000)  10  85 180 309 346 432 535 596 689 846 852
 319 (0.000000,0.000000)   4  87 123 229 639
 320 (0.000000,0.000000)   5  137 172 270 513 765
 321 (0.000000,0.000000)   4  37 305 368 698
 322 (0.000000,0.000000)   1  1000
 323 (0.000000,0.000000)   5  40 154 371 431 573
 324 (0.000000,0.000000)   4  199 276 397 777
 325 (0.000000,0.000000)   8  83 237 359 398 481 530 619 834
 326 (0.000000,0.000000)   6  18 336 504 648 787 895
 327 (0.000000,0.000000)   2  151 567
 328 (0.000000,0.000000)   7  12 261 332 405 464 530 987
 329 (0.000000,0.000000)   4  85 183 665 777
 330 (0.000000,0.000000)   9  21 393 456 500 530 545 616 880 953
 331 (0.000000,0.000000)   2  408 914
 332 (0.000000,0.000000)   8  39 81 224 232 302 328 672 861
 333 (0.000000,0.000000)   4  71 182 489 934
 334 (0.000000,0.000000)   4  210 222 442 735
 335 (0.000000,0.000000)   4  136 707 914 920
 336 (0.000000,0.000000)  10  8 67 95 157 298 326 448 462 812 914
 337 (0.000000,0.000000)   4  86 90 471 670
 338 (0.000000,0.000000)   6  16 28 231 341 658 992
 339 (0.000000,0.000000)   4  201 272 509 708
 340 (0.000000,0.000000)   7  52 224 386 445 591 612 819
 341 (0.000000,0.000000)   2  338 423
 342 (0.000000,0.000000)   2  224 848
 343 (0.000000,0.000000)   2  61 141
 344 (0.000000,0.000000)   6  149 400 440 478 692 696
 345 (0.000000,0.000000)   5  20 54 99 449 858
 346 (0.000000,0.000000)   7  88 166 271 318 586 739 910
 347 (0.000000,0.000000)   7  52 119 124 264 284 565 878
 348 (0.000000,0.000000)   4  202 543 724 874
 349 (0.000000,0.000000)   5  56 242 586 635 792
 350 (0.000000,0.000000)   6  92 197 200 357 493 905
 351 (0.000000,0.000000)   8  5 22 113 317 710 764 766 860
 352 (0.000000,0.000000)   7  114 315 537 559 594 784 831
 353 (0.000000,0.000000)   9  50 109 262 313 372 392 535 759 807
 354 (0.000000,0.000000)   4  151 215 479 595
 355 (0.000000,0.000000)   4  91 293 377 956
 356 (0.000000,0.000000)   5  120 251 471 615 684
 357 (0.000000,0.000000)   2  350 986
 358 (0.000000,0.000000)   3  257 668 849
 359 (0.000000,0.000000)   5  26 325 405 946 961
 360 (0.000000,0.000000)   3  799 813 930
 361 (0.000000,0.000000)   7  105 106 289 303 437 529 643
 362 (0.000000,0.000000)   6  7 447 453 598 694 934
 363 (0.000000,0.000000)   5  512 519 534 875 907
 364 (0.000000,0.000000)   3  424 441 621
 365 (0.000000,0.000000)   4  67 124 456 745
 366 (0.000000,0.000000)   7  72 237 393 430 596 746 837
 367 (0.000000,0.000000)   5  31 32 215 824 951
 368 (0.000000,0.000000)   4  321 570 629 881
 369 (0.000000,0.000000)   0 
 370 (0.000000,0.000000)   4  67 387 572 712
 371 (0.000000,0.000000)   6  323 379 407 463 522 995
 372 (0.000000,0.000000)   3  209 353 396
 373 (0.000000,0.000000)   8  140 497 522 569 590 640 676 877
 374 (0.000000,0.000000)   6  396 675 770 822 866 933
 375 (0.000000,0.000000)   5  162 293 776 790 913
 376 (0.000000,0.000000)   6  58 70 130 306 533 948
 377 (0.000000,0.000000)   5  51 233 355 634 873
 378 (0.000000,0.000000)   4  509 649 715 745
 379 (0.000000,0.000000)   2  92 371
 380 (0.000000,0.000000)   4  188 436 599 950
 381 (0.000000,0.000000)   6  71 257 493 697 711 802
 382 (0.000000,0.000000)   2  628 653
 383 (0.000000,0.000000)   5  226 466 653 816 854
 384 (0.000000,0.000000)   3  189 633 854
 385 (0.000000,0.000000)   5  14 281 305 777 905
 386 (0.000000,0.000000)   6  10 81 340 637 854 992
 387 (0.000000,0.000000)   9  78 102 162 248 370 441 501 719 987
 388 (0.000000,0.000000)   4  188 749 933 992
 389 (0.000000,0.000000)   4  162 478 771 929
 390 (0.000000,0.000000)   5  46 185 236 561 694
 391 (0.000000,0.000000)   5  7 130 641 658 710
 392 (0.000000,0.000000)  10  156 221 353 488 567 635 728 735 832 934
 393 (0.000000,0.000000)   5  93 161 312 330 366
 394 (0.000000,0.000000)   1  672
 395 (0.000000,0.000000)   3  206 218 229
 396 (0.000000,0.000000)   4  263 372 374 998
 397 (0.000000,0.000000)   3  72 224 324
 398 (0.000000,0.000000)   3  325 577 676
 399 (0.000000,0.000000)   7  110 238 500 504 650 892 938
 400 (0.000000,0.000000)   4  214 344 518 575
 401 (0.000000,0.000000)   7  133 170 251 524 574 659 996
 402 (0.000000,0.000000)   9  35 78 99 152 242 413 467 596 733
 403 (0.000000,0.000000)   4  419 478 681 728
 404 (0.000000,0.000000)   4  477 499 650 798
 405 (0.000000,0.000000)   5  177 235 328 359 853
 406 (0.000000,0.000000)   4  177 246 263 843
 407 (0.000000,0.000000)   6  117 223 371 533 916 936
 408 (0.000000,0.000000)   5  4 36 274 331 972
 409 (0.000000,0.000000)   3  427 792 849
 410 (0.000000,0.000000)   4  113 858 921 936
 411 (0.000000,0.000000)  10  22 111 152 169 188 664 757 759 879 972
 412 (0.000000,0.000000)   5  180 240 417 851 874
 413 (0.000000,0.000000)   5  262 402 435 718 945
 414 (0.000000,0.000000)   6  9 209 296 709 915 957
 415 (0.000000,0.000000)   5  72 237 257 823 987
 416 (0.000000,0.000000)   3  259 510 991
 417 (0.000000,0.000000)   7  19 95 102 172 412 428 796
 418 (0.000000,0.000000)   3  778 933 974
 419 (0.000000,0.000000)   6  246 403 632 829 914 923
 420 (0.000000,0.000000)   5  168 580 600 811 906
 421 (0.000000,0.000000)   3  241 519 554
 422 (0.000000,0.000000)   3  71 427 832
 423 (0.000000,0.000000)   3  306 341 898
 424 (0.000000,0.000000)   3  364 552 554
 425 (0.000000,0.000000)   8  235 441 470 549 617 705 739 836
 426 (0.000000,0.000000)   4  121 213 825 847
 427 (0.000000,0.000000)   5  262 409 422 615 656
 428 (0.000000,0.000000)   6  198 417 480 577 679 903
 429 (0.000000,0.000000)   3  177 622 639
 430 (0.000000,0.000000)   4  103 114 366 975
 431 (0.000000,0.000000)   6  323 501 653 805 806 899
 432 (0.000000,0.000000)   5  117 201 311 318 532
 433 (0.000000,0.000000)   4  462 594 813 883
 434 (0.000000,0.000000)   8  126 180 237 438 610 747 748 916
 435 (0.000000,0.000000)   3  413 697 750
 436 (0.000000,0.000000)   4  380 469 619 841
 437 (0.000000,0.000000)   7  315 361 505 620 764 809 973
 438 (0.000000,0.000000)   3  434 636 841
 439 (0.000000,0.000000)   5  10 229 567 708 865
 440 (0.000000,0.000000)   4  56 171 344 984
 441 (0.000000,0.000000)   6  109 364 387 425 669 874
 442 (0.000000,0.000000)   8  124 249 334 457 739 760 897 901
 443 (0.000000,0.000000)   5  272 567 592 748 966
 444 (0.000000,0.000000)   3  654 727 845
 445 (0.000000,0.000000)   2  202 340
 446 (0.000000,0.000000)   4  78 156 828 913
 447 (0.000000,0.000000)   3  362 548 615
 448 (0.000000,0.000000)   3  249 336 468
 449 (0.000000,0.000000)   7  104 345 510 543 753 798 877
 450 (0.000000,0.000000)   3  57 112 761
 451 (0.000000,0.000000)   1  587
 452 (0.000000,0.000000)   5  192 305 536 765 924
 453 (0.000000,0.000000)  11  144 159 206 211 362 458 506 534 550 601 713
 454 (0.000000,0.000000)   5  119 160 164 198 266
 455 (0.000000,0.000000)  10  187 214 216 728 749 767 802 870 878 966
 456 (0.000000,0.000000)   8  134 162 330 365 458 544 785 985
 457 (0.000000,0.000000)   3  235 442 530
 458 (0.000000,0.000000)   5  206 453 456 722 931
 459 (0.000000,0.000000)   4  10 224 480 834
 460 (0.000000,0.000000)  10  11 117 122 199 204 215 276 311 703 929
 461 (0.000000,0.000000)   1  169
 462 (0.000000,0.000000)   4  134 336 433 646
 463 (0.000000,0.000000)   4  145 371 625 643
 464 (0.000000,0.000000)   8  166 328 512 572 574 717 835 860
 465 (0.000000,0.000000)   3  603 738 876
 466 (0.000000,0.000000)   3  39 383 866
 467 (0.000000,0.000000)  10  66 163 201 402 506 608 630 642 798 936
 468 (0.000000,0.000000)   6  30 117 172 234 448 988
 469 (0.000000,0.000000)   3  436 578 707
 470 (0.000000,0.000000)   5  144 262 289 425 720
 471 (0.000000,0.000000)   8  120 129 337 356 700 770 811 916
 472 (0.000000,0.000000)   4  252 635 714 908
 473 (0.000000,0.000000)   4  490 538 622 963
 474 (0.000000,0.000000)   7  158 176 232 310 313 565 642
 475 (0.000000,0.000000)   3  175 310 687
 476 (0.000000,0.000000)   4  40 173 617 977
 477 (0.000000,0.000000)   3  8 404 554
 478 (0.000000,0.000000)   7  159 344 389 403 617 636 975
 479 (0.000000,0.000000)   6  157 275 354 595 806 980
 480 (0.000000,0.000000)   3  114 428 459
 481 (0.000000,0.000000)   3  325 668 726
 482 (0.000000,0.000000)   1  532
 483 (0.000000,0.000000)   2  298 735
 484 (0.000000,0.000000)   2  208 507
 485 (0.000000,0.000000)   6  14 60 219 275 863 992
 486 (0.000000,0.000000)   7  34 255 562 663 706 783 916
 487 (0.000000,0.000000)   2  833 911
 488 (0.000000,0.000000)   5  200 392 562 584 749
 489 (0.000000,0.000000)   5  193 333 929 994 997
 490 (0.000000,0.000000)   5  82 473 634 675 722
 491 (0.000000,0.000000)   3  48 152 580
 492 (0.000000,0.000000)   5  77 555 632 775 916
 493 (0.000000,0.000000)   6  314 350 381 601 700 724
 494 (0.000000,0.000000)   6  66 90 778 864 921 985
 495 (0.000000,0.000000)   6  21 190 653 749 915 968
 496 (0.000000,0.000000)   2  77 799
 497 (0.000000,0.000000)   6  209 373 573 724 789 949
 498 (0.000000,0.000000)   2  808 829
 499 (0.000000,0.000000)   6  86 404 601 740 817 828
 500 (0.000000,0.000000)   6  72 130 330 399 868 972
 501 (0.000000,0.000000)   5  290 387 431 563 923
 502 (0.000000,0.000000)   4  93 239 787 904
 503 (0.000000,0.000000)   4  558 583 763 927
 504 (0.000000,0.000000)   7  134 188 326 399 507 570 773
 505 (0.000000,0.000000)   8  46 268 295 437 508 512 795 884
 506 (0.000000,0.000000)   4  213 294 453 467
 507 (0.000000,0.000000)   3  95 484 504
 508 (0.000000,0.000000)   9  64 177 235 257 505 703 865 869 919
 509 (0.000000,0.000000)   3  60 339 378
 510 (0.000000,0.000000)   4  416 449 875 895
 511 (0.000000,0.000000)   7  148 222 562 625 634 846 867
 512 (0.000000,0.000000)   6  292 363 464 505 675 688
 513 (0.000000,0.000000)   4  8 320 691 867
 514 (0.000000,0.000000)   5  6 234 751 763 890
 515 (0.000000,0.000000)   3  45 809 982
 516 (0.000000,0.000000)   4  111 120 653 705
 517 (0.000000,0.000000)   4  148 288 567 752
 518 (0.000000,0.000000)   8  80 121 243 400 653 749 757 828
 519 (0.000000,0.000000)   3  293 363 421
 520 (0.000000,0.000000)   7  33 62 76 196 617 791 853
 521 (0.000000,0.000000)   3  199 535 608
 522 (0.000000,0.000000)   6  371 373 639 693 797 857
 523 (0.000000,0.000000)   2  112 265
 524 (0.000000,0.000000)   8  57 193 401 546 782 849 867 872
 525 (0.000000,0.000000)   4  708 739 763 811
 526 (0.000000,0.000000)   3  731 754 984
 527 (0.000000,0.000000)   7  565 642 712 764 877 927 935
 528 (0.000000,0.000000)   6  18 117 537 607 693 871
 529 (0.000000,0.000000)   6  62 213 317 361 670 790
 530 (0.000000,0.000000)   9  182 212 325 328 330 457 568 767 926
 531 (0.000000,0.000000)   4  110 282 566 924
 532 (0.000000,0.000000)   7  54 85 227 432 482 763 830
 533 (0.000000,0.000000)   5  105 178 376 407 939
 534 (0.000000,0.000000)   5  363 453 613 764 891
 535 (0.000000,0.000000)   8  318 353 521 647 649 687 751 753
 536 (0.000000,0.000000)   5  120 452 714 737 801
 537 (0.000000,0.000000)   9  119 352 528 585 622 638 702 713 755
 538 (0.000000,0.000000)   4  75 236 473 811
 539 (0.000000,0.000000)  10  50 194 255 553 591 686 737 778 794 921
 540 (0.000000,0.000000)   7  74 152 255 615 947 962 978
 541 (0.000000,0.000000)   9  140 200 274 287 551 706 924 994 1000
 542 (0.000000,0.000000)   3  61 126 938
 543 (0.000000,0.000000)   6  348 449 601 708 779 921
 544 (0.000000,0.000000)   6  456 546 623 762 897 959
 545 (0.000000,0.000000)   5  9 116 330 717 766
 546 (0.000000,0.000000)   6  242 524 544 786 900 956
 547 (0.000000,0.000000)   2  10 270
 548 (0.000000,0.000000)   5  60 229 447 630 733
 549 (0.000000,0.000000)   6  65 115 261 301 425 581
 550 (0.000000,0.000000)   5  62 263 453 596 929
 551 (0.000000,0.000000)   3  140 541 794
 552 (0.000000,0.000000)   6  100 179 424 674 806 924
 553 (0.000000,0.000000)   4  49 274 539 813
 554 (0.000000,0.000000)   8  421 424 477 583 727 798 827 860
 555 (0.000000,0.000000)   3  123 492 995
 556 (0.000000,0.000000)   2  779 822
 557 (0.000000,0.000000)   6  19 229 270 567 599 801
 558 (0.000000,0.000000)   9  79 503 565 675 823 839 872 957 982
 559 (0.000000,0.000000)   5  78 172 352 855 929
 560 (0.000000,0.000000)   2  153 725
 561 (0.000000,0.000000)   4  260 390 565 742
 562 (0.000000,0.000000)   8  102 193 486 488 511 618 793 880
 563 (0.000000,0.000000)   7  170 229 303 501 584 892 911
 564 (0.000000,0.000000)   3  39 58 615
 565 (0.000000,0.000000)   8  347 474 527 558 561 613 666 841
 566 (0.000000,0.000000)   6  116 210 271 531 888 960
 567 (0.000000,0.000000)   9  140 301 327 392 439 443 517 557 898
 568 (0.000000,0.000000)   3  530 945 986
 569 (0.000000,0.000000)   3  373 902 962
 570 (0.000000,0.000000)   5  201 368 504 703 863
 571 (0.000000,0.000000)   6  20 75 147 249 672 772
 572 (0.000000,0.000000)   8  166 218 370 464 768 770 795 935
 573 (0.000000,0.000000)   9  23 125 188 314 323 497 679 838 941
 574 (0.000000,0.000000)   6  76 401 464 939 954 955
 575 (0.000000,0.000000)   5  144 400 578 726 930
 576 (0.000000,0.000000)   5  136 158 252 287 637
 577 (0.000000,0.000000)   4  13 147 398 428
 578 (0.000000,0.000000)   7  196 469 575 591 663 941 993
 579 (0.000000,0.000000)   2  58 952
 580 (0.000000,0.000000)   5  82 420 491 599 603
 581 (0.000000,0.000000)   3  61 549 714
 582 (0.000000,0.000000)   5  112 204 281 295 802
 583 (0.000000,0.000000)   7  40 503 554 605 756 847 961
 584 (0.000000,0.000000)   5  488 563 786 986 991
 585 (0.000000,0.000000)   4  537 592 678 888
 586 (0.000000,0.000000)   3  346 349 774
 587 (0.000000,0.000000)   3  294 296 451
 588 (0.000000,0.000000)   5  88 213 263 722 934
 589 (0.000000,0.000000)   6  139 741 832 852 867 997
 590 (0.000000,0.000000)   3  8 101 373
 591 (0.000000,0.000000)   7  340 539 578 648 667 709 897
 592 (0.000000,0.000000)   5  177 443 585 869 908
 593 (0.000000,0.000000)   1  204
 594 (0.000000,0.000000)   5  352 433 764 831 894
 595 (0.000000,0.000000)   5  34 354 479 761 893
 596 (0.000000,0.000000)   7  318 366 402 550 743 757 800
 597 (0.000000,0.000000)   6  49 103 667 713 851 938
 598 (0.000000,0.000000)   7  67 117 297 362 727 820 941
 599 (0.000000,0.000000)   4  10 380 557 580
 600 (0.000000,0.000000)   4  174 420 695 925
 601 (0.000000,0.000000)   8  298 453 493 499 543 810 950 956
 602 (0.000000,0.000000)   9  19 76 216 313 609 686 694 912 995
 603 (0.000000,0.000000)   6  465 580 691 745 904 952
 604 (0.000000,0.000000)   4  78 163 189 290
 605 (0.000000,0.000000)   7  317 583 632 726 913 926 983
 606 (0.000000,0.000000)   5  1 251 289 751 826
 607 (0.000000,0.000000)   6  189 244 528 617 762 776
 608 (0.000000,0.000000)   6  51 95 467 521 906 963
 609 (0.000000,0.000000)   4  234 265 602 999
 610 (0.000000,0.000000)   4  5 65 96 434
 611 (0.000000,0.000000)   1  783
 612 (0.000000,0.000000)   5  340 658 918 927 930
 613 (0.000000,0.000000)   7  151 203 240 252 534 565 964
 614 (0.000000,0.000000)   4  265 787 803 832
 615 (0.000000,0.000000)   8  161 194 298 356 427 447 540 564
 616 (0.000000,0.000000)   4  215 216 330 799
 617 (0.000000,0.000000)  11  30 220 270 307 425 476 478 520 607 910 921
 618 (0.000000,0.000000)   6  562 619 625 732 814 986
 619 (0.000000,0.000000)   8  123 237 325 436 618 657 931 979
 620 (0.000000,0.000000)   4  155 437 735 959
 621 (0.000000,0.000000)   5  133 169 364 675 947
 622 (0.000000,0.000000)   3  429 473 537
 623 (0.000000,0.000000)   9  36 55 164 544 699 800 810 824 902
 624 (0.000000,0.000000)   2  106 801
 625 (0.000000,0.000000)   7  463 511 618 636 683 808 890
 626 (0.000000,0.000000)   1  252
 627 (0.000000,0.000000)   2  800 827
 628 (0.000000,0.000000)   6  110 169 382 806 834 973
 629 (0.000000,0.000000)   2  368 977
 630 (0.000000,0.000000)   4  467 548 790 830
 631 (0.000000,0.000000)   5  75 209 798 919 945
 632 (0.000000,0.000000)   9  50 107 220 419 492 605 663 805 925
 633 (0.000000,0.000000)   5  66 206 384 868 914
 634 (0.000000,0.000000)   9  108 130 208 377 490 511 800 827 835
 635 (0.000000,0.000000)   6  349 392 472 776 824 966
 636 (0.000000,0.000000)   7  11 66 107 438 478 625 761
 637 (0.000000,0.000000)   4  386 576 718 826
 638 (0.000000,0.000000)   5  108 537 684 901 935
 639 (0.000000,0.000000)  10  28 317 319 429 522 721 757 839 908 973
 640 (0.000000,0.000000)   4  53 73 373 857
 641 (0.000000,0.000000)   5  125 196 391 649 908
 642 (0.000000,0.000000)   7  42 467 474 527 655 784 839
 643 (0.000000,0.000000)   7  16 145 236 361 463 730 781
 644 (0.000000,0.000000)   2  741 909
 645 (0.000000,0.000000)   5  143 209 291 780 788
 646 (0.000000,0.000000)   5  163 462 836 875 985
 647 (0.000000,0.000000)   8  68 316 535 687 714 788 865 931
 648 (0.000000,0.000000)   7  78 114 145 326 591 798 852
 649 (0.000000,0.000000)   8  378 535 641 680 829 884 926 993
 650 (0.000000,0.000000)   7  202 305 399 404 674 753 995
 651 (0.000000,0.000000)   1  138
 652 (0.000000,0.000000)   5  85 136 151 194 727
 653 (0.000000,0.000000)  11  47 103 202 382 383 431 495 516 518 852 877
 654 (0.000000,0.000000)   3  187 444 869
 655 (0.000000,0.000000)   3  13 190 642
 656 (0.000000,0.000000)   2  427 746
 657 (0.000000,0.000000)   4  165 233 619 856
 658 (0.000000,0.000000)   3  338 391 612
 659 (0.000000,0.000000)   2  401 846
 660 (0.000000,0.000000)   3  690 739 840
 661 (0.000000,0.000000)   3  123 741 876
 662 (0.000000,0.000000)   1  722
 663 (0.000000,0.000000)   7  5 58 151 230 486 578 632
 664 (0.000000,0.000000)   4  245 298 411 942
 665 (0.000000,0.000000)   3  329 822 998
 666 (0.000000,0.000000)   3  223 565 895
 667 (0.000000,0.000000)   7  125 293 591 597 681 890 928
 668 (0.000000,0.000000)   7  94 157 358 481 876 900 922
 669 (0.000000,0.000000)   3  441 885 937
 670 (0.000000,0.000000)   6  19 213 337 529 812 987
 671 (0.000000,0.000000)   2  245 709
 672 (0.000000,0.000000)   5  37 51 332 394 571
 673 (0.000000,0.000000)   3  81 264 973
 674 (0.000000,0.000000)   6  138 212 552 650 840 997
 675 (0.000000,0.000000)   7  293 374 490 512 558 621 927
 676 (0.000000,0.000000)   5  38 373 398 946 983
 677 (0.000000,0.000000)   4  220 316 719 785
 678 (0.000000,0.000000)   1  585
 679 (0.000000,0.000000)   4  428 573 932 973
 680 (0.000000,0.000000)   5  48 111 241 649 984
 681 (0.000000,0.000000)   3  403 667 743
 682 (0.000000,0.000000)   2  225 740
 683 (0.000000,0.000000)   5  39 625 733 778 818
 684 (0.000000,0.000000)   2  356 638
 685 (0.000000,0.000000)   0 
 686 (0.000000,0.000000)   5  539 602 794 811 892
 687 (0.000000,0.000000)   8  82 475 535 647 723 803 912 915
 688 (0.000000,0.000000)   2  133 512
 689 (0.000000,0.000000)   3  58 289 318
 690 (0.000000,0.000000)   3  660 895 971
 691 (0.000000,0.000000)   4  199 513 603 922
 692 (0.000000,0.000000)   6  18 189 190 344 697 886
 693 (0.000000,0.000000)   4  86 296 522 528
 694 (0.000000,0.000000)   4  307 362 390 602
 695 (0.000000,0.000000)   4  600 936 959 986
 696 (0.000000,0.000000)   6  21 175 194 344 775 782
 697 (0.000000,0.000000)   7  151 210 381 435 692 711 786
 698 (0.000000,0.000000)   4  321 718 739 922
 699 (0.000000,0.000000)   2  315 623
 700 (0.000000,0.000000)   7  271 289 471 493 724 937 949
 701 (0.000000,0.000000)   5  26 46 733 759 893
 702 (0.000000,0.000000)   2  537 869
 703 (0.000000,0.000000)   8  21 176 250 460 508 570 890 989
 704 (0.000000,0.000000)   3  166 285 862
 705 (0.000000,0.000000)   5  315 425 516 727 987
 706 (0.000000,0.000000)   4  208 486 541 994
 707 (0.000000,0.000000)   4  19 335 469 834
 708 (0.000000,0.000000)   9  8 57 274 339 439 525 543 804 900
 709 (0.000000,0.000000)   7  45 308 414 591 671 743 842
 710 (0.000000,0.000000)   4  166 351 391 951
 711 (0.000000,0.000000)   3  381 697 734
 712 (0.000000,0.000000)   3  370 527 903
 713 (0.000000,0.000000)   5  131 453 537 597 732
 714 (0.000000,0.000000)   6  472 536 581 647 802 860
 715 (0.000000,0.000000)   2  378 786
 716 (0.000000,0.000000)   3  107 170 183
 717 (0.000000,0.000000)   7  119 464 545 726 812 959 981
 718 (0.000000,0.000000)   5  126 132 413 637 698
 719 (0.000000,0.000000)   7  23 78 146 241 387 677 804
 720 (0.000000,0.000000)   5  470 753 793 814 844
 721 (0.000000,0.000000)   4  639 804 866 868
 722 (0.000000,0.000000)   8  280 282 458 490 588 662 768 821
 723 (0.000000,0.000000)   6  135 173 687 850 883 912
 724 (0.000000,0.000000)   8  348 493 497 700 748 813 825 869
 725 (0.000000,0.000000)   4  288 560 777 970
 726 (0.000000,0.000000)   6  127 481 575 605 717 779
 727 (0.000000,0.000000)   5  444 554 598 652 705
 728 (0.000000,0.000000)   6  31 120 392 403 455 853
 729 (0.000000,0.000000)   3  24 864 891
 730 (0.000000,0.000000)   3  251 643 874
 731 (0.000000,0.000000)   2  526 947
 732 (0.000000,0.000000)   4  132 618 713 770
 733 (0.000000,0.000000)   5  402 548 683 701 846
 734 (0.000000,0.000000)   3  63 711 755
 735 (0.000000,0.000000)   6  257 334 392 483 620 938
 736 (0.000000,0.000000)   3  157 798 877
 737 (0.000000,0.000000)   7  84 251 536 539 776 962 998
 738 (0.000000,0.000000)   3  45 465 881
 739 (0.000000,0.000000)  11  66 142 195 202 346 425 442 525 660 698 948
 740 (0.000000,0.000000)   9  14 56 133 136 270 499 682 849 947
 741 (0.000000,0.000000)   3  589 644 661
 742 (0.000000,0.000000)   2  561 758
 743 (0.000000,0.000000)   6  141 242 596 681 709 883
 744 (0.000000,0.000000)   5  45 168 227 950 967
 745 (0.000000,0.000000)   7  140 171 365 378 603 861 999
 746 (0.000000,0.000000)   4  7 366 656 915
 747 (0.000000,0.000000)   9  37 215 216 434 785 844 916 941 985
 748 (0.000000,0.000000)   7  317 434 443 724 805 827 957
 749 (0.000000,0.000000)   6  95 388 455 488 495 518
 750 (0.000000,0.000000)   4  435 765 791 829
 751 (0.000000,0.000000)   6  114 514 535 606 768 921
 752 (0.000000,0.000000)   3  140 152 517
 753 (0.000000,0.000000)   4  449 535 650 720
 754 (0.000000,0.000000)   5  183 278 526 877 957
 755 (0.000000,0.000000)   6  12 126 210 537 734 904
 756 (0.000000,0.000000)   7  11 150 216 300 583 824 935
 757 (0.000000,0.000000)   8  12 36 239 411 518 596 639 793
 758 (0.000000,0.000000)   4  138 742 819 886
 759 (0.000000,0.000000)   8  34 149 254 353 411 701 804 874
 760 (0.000000,0.000000)   5  56 116 208 442 819
 761 (0.000000,0.000000)   8  20 75 160 225 243 450 595 636
 762 (0.000000,0.000000)   3  234 544 607
 763 (0.000000,0.000000)   5  158 503 514 525 532
 764 (0.000000,0.000000)  10  20 118 167 261 351 437 527 534 594 868
 765 (0.000000,0.000000)   5  165 320 452 750 943
 766 (0.000000,0.000000)   3  351 545 887
 767 (0.000000,0.000000)   4  166 455 530 991
 768 (0.000000,0.000000)   6  106 196 293 572 722 751
 769 (0.000000,0.000000)   2  46 921
 770 (0.000000,0.000000)   6  62 202 374 471 572 732
 771 (0.000000,0.000000)   3  126 190 389
 772 (0.000000,0.000000)   3  102 267 571
 773 (0.000000,0.000000)   3  104 139 504
 774 (0.000000,0.000000)   4  43 586 868 972
 775 (0.000000,0.000000)   3  279 492 696
 776 (0.000000,0.000000)   7  56 375 607 635 737 790 890
 777 (0.000000,0.000000)   7  5 129 324 329 385 725 984
 778 (0.000000,0.000000)   8  157 297 306 418 494 539 683 816
 779 (0.000000,0.000000)   6  42 543 556 726 813 892
 780 (0.000000,0.000000)   2  645 986
 781 (0.000000,0.000000)   5  43 643 810 832 834
 782 (0.000000,0.000000)   2  524 696
 783 (0.000000,0.000000)   3  246 486 611
 784 (0.000000,0.000000)   3  352 642 922
 785 (0.000000,0.000000)   4  71 456 677 747
 786 (0.000000,0.000000)   6  66 309 546 584 697 715
 787 (0.000000,0.000000)   5  98 326 502 614 887
 788 (0.000000,0.000000)   3  645 647 871
 789 (0.000000,0.000000)   6  9 10 128 241 497 851
 790 (0.000000,0.000000)   8  11 49 300 375 529 630 776 945
 791 (0.000000,0.000000)   5  282 294 520 750 993
 792 (0.000000,0.000000)   6  67 108 158 349 409 883
 793 (0.000000,0.000000)   3  562 720 757
 794 (0.000000,0.000000)   7  202 215 539 551 686 825 975
 795 (0.000000,0.000000)   4  315 505 572 980
 796 (0.000000,0.000000)   1  417
 797 (0.000000,0.000000)   2  522 842
 798 (0.000000,0.000000)   9  36 404 449 467 554 631 648 736 876
 799 (0.000000,0.000000)   6  277 360 496 616 844 891
 800 (0.000000,0.000000)   7  43 189 205 596 623 627 634
 801 (0.000000,0.000000)   3  536 557 624
 802 (0.000000,0.000000)   5  83 381 455 582 714
 803 (0.000000,0.000000)   4  25 614 687 960
 804 (0.000000,0.000000)  10  28 158 296 708 719 721 759 811 817 893
 805 (0.000000,0.000000)   3  431 632 748
 806 (0.000000,0.000000)   4  431 479 552 628
 807 (0.000000,0.000000)   3  81 310 353
 808 (0.000000,0.000000)   5  113 291 498 625 886
 809 (0.000000,0.000000)   7  51 192 308 317 437 515 820
 810 (0.000000,0.000000)   6  51 121 601 623 781 987
 811 (0.000000,0.000000)   7  420 471 525 538 686 804 907
 812 (0.000000,0.000000)   7  6 97 275 315 336 670 717
 813 (0.000000,0.000000)   5  360 433 553 724 779
 814 (0.000000,0.000000)   4  103 618 720 835
 815 (0.000000,0.000000)   3  129 188 928
 816 (0.000000,0.000000)   5  130 266 267 383 778
 817 (0.000000,0.000000)   3  192 499 804
 818 (0.000000,0.000000)   6  119 219 313 683 837 930
 819 (0.000000,0.000000)   6  70 201 269 340 758 760
 820 (0.000000,0.000000)   7  39 99 598 809 947 963 995
 821 (0.000000,0.000000)   6  255 722 831 931 936 937
 822 (0.000000,0.000000)   9  234 238 374 556 665 824 825 830 942
 823 (0.000000,0.000000)   3  289 415 558
 824 (0.000000,0.000000)   6  367 623 635 756 822 825
 825 (0.000000,0.000000)   6  426 724 794 822 824 864
 826 (0.000000,0.000000)   4  145 606 637 902
 827 (0.000000,0.000000)   6  14 554 627 634 748 876
 828 (0.000000,0.000000)   4  446 499 518 849
 829 (0.000000,0.000000)   6  4 160 419 498 649 750
 830 (0.000000,0.000000)   4  225 532 630 822
 831 (0.000000,0.000000)   6  196 352 594 821 915 979
 832 (0.000000,0.000000)  10  274 392 422 589 614 781 894 925 949 970
 833 (0.000000,0.000000)   3  249 487 884
 834 (0.000000,0.000000)   6  325 459 628 707 781 946
 835 (0.000000,0.000000)   7  29 135 464 634 814 896 973
 836 (0.000000,0.000000)   7  54 184 216 267 425 646 932
 837 (0.000000,0.000000)  10  150 182 196 205 247 366 818 867 907 922
 838 (0.000000,0.000000)   3  152 279 573
 839 (0.000000,0.000000)   7  176 210 242 558 639 642 914
 840 (0.000000,0.000000)   6  75 95 108 234 660 674
 841 (0.000000,0.000000)   7  436 438 565 914 928 948 992
 842 (0.000000,0.000000)   4  222 272 709 797
 843 (0.000000,0.000000)   5  88 150 268 406 864
 844 (0.000000,0.000000)   7  62 213 290 306 720 747 799
 845 (0.000000,0.000000)   3  444 851 997
 846 (0.000000,0.000000)   7  35 94 318 511 659 733 847
 847 (0.000000,0.000000)   5  177 311 426 583 846
 848 (0.000000,0.000000)   2  116 342
 849 (0.000000,0.000000)   8  2 161 315 358 409 524 740 828
 850 (0.000000,0.000000)   4  99 185 723 915
 851 (0.000000,0.000000)   5  36 412 597 789 845
 852 (0.000000,0.000000)   6  85 318 589 648 653 945
 853 (0.000000,0.000000)   5  9 405 520 728 972
 854 (0.000000,0.000000)  10  60 198 230 299 383 384 386 879 882 925
 855 (0.000000,0.000000)   2  151 559
 856 (0.000000,0.000000)   3  46 657 879
 857 (0.000000,0.000000)   4  40 258 522 640
 858 (0.000000,0.000000)   3  225 345 410
 859 (0.000000,0.000000)   2  298 930
 860 (0.000000,0.000000)   5  351 464 554 714 882
 861 (0.000000,0.000000)   4  261 332 745 960
 862 (0.000000,0.000000)   1  704
 863 (0.000000,0.000000)   3  485 570 980
 864 (0.000000,0.000000)   4  494 729 825 843
 865 (0.000000,0.000000)   5  277 439 508 647 943
 866 (0.000000,0.000000)   4  374 466 721 900
 867 (0.000000,0.000000)   7  259 511 513 524 589 837 879
 868 (0.000000,0.000000)   6  210 500 633 721 764 774
 869 (0.000000,0.000000)   7  306 508 592 654 702 724 893
 870 (0.000000,0.000000)   1  455
 871 (0.000000,0.000000)   5  119 260 528 788 901
 872 (0.000000,0.000000)   4  40 45 524 558
 873 (0.000000,0.000000)   5  69 205 377 884 917
 874 (0.000000,0.000000)   9  313 348 412 441 730 759 936 937 942
 875 (0.000000,0.000000)   6  75 363 510 646 882 901
 876 (0.000000,0.000000)   6  465 661 668 798 827 971
 877 (0.000000,0.000000)   9  373 449 527 653 736 754 890 894 902
 878 (0.000000,0.000000)   5  294 306 347 455 978
 879 (0.000000,0.000000)   8  112 116 241 272 411 854 856 867
 880 (0.000000,0.000000)   4  124 216 330 562
 881 (0.000000,0.000000)   4  46 238 368 738
 882 (0.000000,0.000000)   4  112 854 860 875
 883 (0.000000,0.000000)   9  19 86 137 227 433 723 743 792 931
 884 (0.000000,0.000000)   9  80 123 140 154 505 649 833 873 964
 885 (0.000000,0.000000)   2  93 669
 886 (0.000000,0.000000)   5  168 692 758 808 896
 887 (0.000000,0.000000)   4  47 766 787 921
 888 (0.000000,0.000000)   4  1 99 566 585
 889 (0.000000,0.000000)   2  293 927
 890 (0.000000,0.000000)   8  223 514 625 667 703 776 877 942
 891 (0.000000,0.000000)   7  132 142 158 534 729 799 992
 892 (0.000000,0.000000)   5  109 399 563 686 779
 893 (0.000000,0.000000)   4  595 701 804 869
 894 (0.000000,0.000000)   6  37 79 223 594 832 877
 895 (0.000000,0.000000)   6  67 326 510 666 690 959
 896 (0.000000,0.000000)   3  251 835 886
 897 (0.000000,0.000000)   8  54 127 227 239 442 544 591 952
 898 (0.000000,0.000000)   3  423 567 984
 899 (0.000000,0.000000)   1  431
 900 (0.000000,0.000000)   9  25 194 199 315 546 668 708 866 936
 901 (0.000000,0.000000)   6  78 295 442 638 871 875
 902 (0.000000,0.000000)   8  116 159 289 569 623 826 877 975
 903 (0.000000,0.000000)   6  116 151 200 297 428 712
 904 (0.000000,0.000000)   3  502 603 755
 905 (0.000000,0.000000)   5  82 206 350 385 954
 906 (0.000000,0.000000)   3  102 420 608
 907 (0.000000,0.000000)   3  363 811 837
 908 (0.000000,0.000000)   5  163 472 592 639 641
 909 (0.000000,0.000000)   4  40 644 965 986
 910 (0.000000,0.000000)   4  70 275 346 617
 911 (0.000000,0.000000)   3  67 487 563
 912 (0.000000,0.000000)   6  130 181 602 687 723 919
 913 (0.000000,0.000000)   3  375 446 605
 914 (0.000000,0.000000)   9  76 201 331 335 336 419 633 839 841
 915 (0.000000,0.000000)   9  44 125 148 414 495 687 746 831 850
 916 (0.000000,0.000000)   6  407 434 471 486 492 747
 917 (0.000000,0.000000)   2  276 873
 918 (0.000000,0.000000)   2  612 933
 919 (0.000000,0.000000)   4  84 508 631 912
 920 (0.000000,0.000000)   3  91 235 335
 921 (0.000000,0.000000)  11  81 88 179 410 494 539 543 617 751 769 887
 922 (0.000000,0.000000)   6  91 668 691 698 784 837
 923 (0.000000,0.000000)   4  82 242 419 501
 924 (0.000000,0.000000)   6  117 137 452 531 541 552
 925 (0.000000,0.000000)   6  170 316 600 632 832 854
 926 (0.000000,0.000000)   4  276 530 605 649
 927 (0.000000,0.000000)   8  95 181 294 503 527 612 675 889
 928 (0.000000,0.000000)   6  27 109 667 815 841 939
 929 (0.000000,0.000000)   5  389 460 489 550 559
 930 (0.000000,0.000000)   7  27 167 360 575 612 818 859
 931 (0.000000,0.000000)   6  92 458 619 647 821 883
 932 (0.000000,0.000000)   4  126 152 679 836
 933 (0.000000,0.000000)   4  374 388 418 918
 934 (0.000000,0.000000)   5  103 333 362 392 588
 935 (0.000000,0.000000)   6  139 527 572 638 756 938
 936 (0.000000,0.000000)   9  146 243 407 410 467 695 821 874 900
 937 (0.000000,0.000000)   7  162 232 669 700 821 874 959
 938 (0.000000,0.000000)   7  271 278 399 542 597 735 935
 939 (0.000000,0.000000)   3  533 574 928
 940 (0.000000,0.000000)   2  277 305
 941 (0.000000,0.000000)   4  573 578 598 747
 942 (0.000000,0.000000)   6  253 292 664 822 874 890
 943 (0.000000,0.000000)   4  75 225 765 865
 944 (0.000000,0.000000)   2  14 174
 945 (0.000000,0.000000)   9  84 156 413 568 631 790 852 960 980
 946 (0.000000,0.000000)   4  75 359 676 834
 947 (0.000000,0.000000)   5  540 621 731 740 820
 948 (0.000000,0.000000)   7  20 196 245 376 739 841 974
 949 (0.000000,0.000000)   4  497 700 832 972
 950 (0.000000,0.000000)   5  194 380 601 744 966
 951 (0.000000,0.000000)   4  105 187 367 710
 952 (0.000000,0.000000)   6  35 121 579 603 897 970
 953 (0.000000,0.000000)   3  281 310 330
 954 (0.000000,0.000000)   4  24 277 574 905
 955 (0.000000,0.000000)   4  2 10 177 574
 956 (0.000000,0.000000)   7  20 54 175 251 355 546 601
 957 (0.000000,0.000000)   5  201 414 558 748 754
 958 (0.000000,0.000000)   4  31 33 66 115
 959 (0.000000,0.000000)   9  82 89 544 620 695 717 895 937 986
 960 (0.000000,0.000000)   6  74 106 566 803 861 945
 961 (0.000000,0.000000)   4  54 150 359 583
 962 (0.000000,0.000000)   6  155 264 540 569 737 973
 963 (0.000000,0.000000)   6  63 143 224 473 608 820
 964 (0.000000,0.000000)   4  29 314 613 884
 965 (0.000000,0.000000)   4  33 158 188 909
 966 (0.000000,0.000000)   5  317 443 455 635 950
 967 (0.000000,0.000000)   2  744 972
 968 (0.000000,0.000000)   4  68 222 230 495
 969 (0.000000,0.000000)   0 
 970 (0.000000,0.000000)   5  63 183 725 832 952
 971 (0.000000,0.000000)   2  690 876
 972 (0.000000,0.000000)   8  408 411 500 774 853 949 967 1000
 973 (0.000000,0.000000)   8  30 437 628 639 673 679 835 962
 974 (0.000000,0.000000)   2  418 948
 975 (0.000000,0.000000)   5  51 430 478 794 902
 976 (0.000000,0.000000)   2  36 81
 977 (0.000000,0.000000)   3  311 476 629
 978 (0.000000,0.000000)   4  49 305 540 878
 979 (0.000000,0.000000)   7  81 117 163 187 253 619 831
 980 (0.000000,0.000000)   5  140 479 795 863 945
 981 (0.000000,0.000000)   2  132 717
 982 (0.000000,0.000000)   3  16 515 558
 983 (0.000000,0.000000)   3  228 605 676
 984 (0.000000,0.000000)   5  440 526 680 777 898
 985 (0.000000,0.000000)   5  165 456 494 646 747
 986 (0.000000,0.000000)  10  16 209 357 568 584 618 695 780 909 959
 987 (0.000000,0.000000)   7  67 328 387 415 670 705 810
 988 (0.000000,0.000000)   5  65 70 72 194 468
 989 (0.000000,0.000000)   3  30 99 703
 990 (0.000000,0.000000)   3  116 129 137
 991 (0.000000,0.000000)   7  143 147 184 232 416 584 767
 992 (0.000000,0.000000)   8  123 271 338 386 388 485 841 891
 993 (0.000000,0.000000)   4  165 578 649 791
 994 (0.000000,0.000000)   6  21 97 215 489 541 706
 995 (0.000000,0.000000)   6  207 371 555 602 650 820
 996 (0.000000,0.000000)   1  401
 997 (0.000000,0.000000)   5  40 489 589 674 845
 998 (0.000000,0.000000)   5  69 181 396 665 737
 999 (0.000000,0.000000)   4  5 179 609 745
1000 (0.000000,0.000000)   4  182 322 541 972
