   1 (0.000000,0.000000)   8  14 53 89 127 161 345 354 423
   2 (0.000000,0.000000)   9  187 192 208 250 292 350 360 380 490
   3 (0.000000,0.000000)  12  33 67 113 155 200 252 258 376 385 391 404 493
   4 (0.000000,0.000000)  11  17 24 86 88 121 172 248 298 398 435 465
   5 (0.000000,0.000000)   9  35 139 208 219 223 231 254 278 453
   6 (0.000000,0.000000)   8  150 172 230 248 262 268 348 458
   7 (0.000000,0.000000)   6  23 170 280 386 467 485
   8 (0.000000,0.000000)   9  69 90 103 216 230 232 317 394 410
   9 (0.000000,0.000000)   5  41 124 170 249 274
  10 (0.000000,0.000000)  17  65 80 141 161 170 273 300 307 317 321 354 367 383 436 445 473 490
  11 (0.000000,0.000000)  12  85 91 103 153 230 275 280 320 412 437 471 475
  12 (0.000000,0.000000)  12  74 172 185 258 315 325 328 356 359 383 421 431
  13 (0.000000,0.000000)  12  95 173 215 221 285 290 297 393 399 403 419 456
  14 (0.000000,0.000000)   8  1 29 106 114 196 275 420 465
  15 (0.000000,0.000000)   9  64 82 136 195 338 424 436 455 479
  16 (0.000000,0.000000)  11  61 71 156 202 260 342 349 352 417 447 493
  17 (0.000000,0.000000)  10  4 184 204 232 244 245 308 374 409 488
  18 (0.000000,0.000000)  15  32 77 91 121 155 189 231 250 306 341 343 344 362 397 464
  19 (0.000000,0.000000)  12  36 66 81 117 148 168 224 278 295 364 373 493
  20 (0.000000,0.000000)   9  37 40 85 222 289 312 360 361 374
  21 (0.000000,0.000000)  10  200 263 271 315 323 324 357 407 429 496
  22 (0.000000,0.000000)   8  52 67 163 186 249 394 439 448
  23 (0.000000,0.000000)   6  7 30 144 156 202 366
  24 (0.000000,0.000000)  10  4 61 170 178 183 234 300 341 411 500
  25 (0.000000,0.000000)  13  56 111 158 170 172 210 218 250 282 349 365 379 496
  26 (0.000000,0.000000)  10  58 149 188 222 250 331 436 455 462 484
  27 (0.000000,0.000000)  11  41 48 136 172 236 251 329 374 458 470 484
  28 (0.000000,0.000000)  15  34 56 71 87 111 130 166 211 286 304 382 396 442 473 497
  29 (0.000000,0.000000)   8  14 43 88 146 148 294 301 406
  30 (0.000000,0.000000)  12  23 49 68 79 96 220 221 262 281 291 326 435
  31 (0.000000,0.000000)   9  53 64 79 147 185 207 277 306 365
  32 (0.000000,0.000000)  17  18 119 122 164 192 260 287 315 321 357 372 379 421 451 459 467 482
  33 (0.000000,0.000000)  12  3 96 109 115 144 205 225 248 265 311 384 467
  34 (0.000000,0.000000)   7  28 38 235 250 409 427 481
  35 (0.000000,0.000000)  12  5 41 113 116 135 165 169 258 330 365 498 500
  36 (0.000000,0.000000)  11  19 127 129 184 214 263 292 330 368 438 477
  37 (0.000000,0.000000)   8  20 79 88 94 174 372 381 446
  38 (0.000000,0.000000)   8  34 108 136 245 286 351 393 451
  39 (0.000000,0.000000)   9  133 203 240 266 268 278 359 467 471
  40 (0.000000,0.000000)  10  20 51 61 64 86 100 290 292 316 425
  41 (0.000000,0.000000)  10  9 27 35 100 165 182 339 396 409 459
  42 (0.000000,0.000000)  10  56 76 113 130 141 197 305 395 426 500
  43 (0.000000,0.000000)   9  29 72 140 141 219 302 407 465 499
  44 (0.000000,0.000000)  12  50 54 122 137 238 254 381 390 403 425 426 440
  45 (0.000000,0.000000)   5  60 379 412 419 451
  46 (0.000000,0.000000)   7  114 230 353 386 411 424 426
  47 (0.000000,0.000000)   8  86 124 303 315 317 411 415 474
  48 (0.000000,0.000000)   6  27 133 227 258 282 317
  49 (0.000000,0.000000)   6  30 369 381 419 436 441
  50 (0.000000,0.000000)   9  44 97 142 277 383 394 408 470 488
  51 (0.000000,0.000000)  10  40 108 200 214 288 297 306 341 384 469
  52 (0.000000,0.000000)  11  22 53 151 221 325 328 355 374 376 443 468
  53 (0.000000,0.000000)  11  1 31 52 110 119 207 315 374 375 378 408
  54 (0.000000,0.000000)  14  44 88 90 155 163 200 242 304 327 371 389 433 472 489
  55 (0.000000,0.000000)   6  155 178 209 320 371 473
  56 (0.000000,0.000000)   8  25 28 42 63 85 149 425 499
  57 (0.000000,0.000000)   9  60 152 203 207 281 289 329 476 495
  58 (0.000000,0.000000)   9  26 101 105 160 190 233 276 391 423
  59 (0.000000,0.000000)  13  67 72 85 96 110 177 193 260 293 307 359 389 437
  60 (0.000000,0.000000)  13  45 57 65 135 158 222 234 242 319 349 391 399 407
  61 (0.000000,0.000000)  11  16 24 40 167 283 306 312 313 368 406 486
  62 (0.000000,0.000000)   5  159 178 257 344 372
  63 (0.000000,0.000000)  10  56 66 229 236 250 270 288 302 417 492
  64 (0.000000,0.000000)   9  15 31 40 235 236 377 396 417 469
  65 (0.000000,0.000000)   9  10 60 122 144 222 237 266 297 340
  66 (0.000000,0.000000)  11  19 63 250 283 346 355 362 393 400 417 425
  67 (0.000000,0.000000)  13  3 22 59 72 150 179 191 220 247 324 366 375 408
  68 (0.000000,0.000000)  10  30 90 124 156 238 268 333 358 431 480
  69 (0.000000,0.000000)   5  8 121 126 228 424
  70 (0.000000,0.000000)   9  106 149 185 218 254 316 398 423 490
  71 (0.000000,0.000000)  12  16 28 98 222 237 239 360 370 485 487 490 497
  72 (0.000000,0.000000)  11  43 59 67 121 129 386 412 418 425 454 474
  73 (0.000000,0.000000)  12  91 109 194 268 274 275 347 373 452 459 479 490
  74 (0.000000,0.000000)  12  12 76 101 153 162 250 305 349 354 421 424 435
  75 (0.000000,0.000000)   7  157 158 159 226 330 390 455
  76 (0.000000,0.000000)  14  42 74 81 112 133 183 198 282 338 347 434 449 453 483
  77 (0.000000,0.000000)   6  18 85 275 415 465 467
  78 (0.000000,0.000000)   6  122 301 324 331 349 389
  79 (0.000000,0.000000)  14  30 31 37 136 157 219 284 293 345 348 382 385 405 456
  80 (0.000000,0.000000)  11  10 89 133 146 182 295 364 437 458 486 500
  81 (0.000000,0.000000)  11  19 76 155 172 205 239 247 343 376 400 485
  82 (0.000000,0.000000)   6  15 200 244 264 309 393
  83 (0.000000,0.000000)   8  96 192 279 280 293 299 387 497
  84 (0.000000,0.000000)  10  102 116 152 212 233 297 307 362 439 447
  85 (0.000000,0.000000)  17  11 20 56 59 77 122 225 235 268 301 318 336 342 363 365 425 468
  86 (0.000000,0.000000)   4  4 40 47 205
  87 (0.000000,0.000000)   8  28 112 122 129 156 326 330 348
  88 (0.000000,0.000000)  13  4 29 37 54 163 259 269 299 316 331 333 427 489
  89 (0.000000,0.000000)  10  1 80 116 162 168 214 299 399 452 472
  90 (0.000000,0.000000)   8  8 54 68 112 130 224 348 415
  91 (0.000000,0.000000)  14  11 18 73 122 153 177 178 180 191 347 446 452 477 478
  92 (0.000000,0.000000)   6  112 187 223 300 309 353
  93 (0.000000,0.000000)  10  104 223 300 341 405 406 434 439 470 494
  94 (0.000000,0.000000)   7  37 147 160 292 318 369 438
  95 (0.000000,0.000000)  11  13 147 225 235 238 245 260 415 418 455 464
  96 (0.000000,0.000000)  11  30 33 59 83 204 279 331 436 469 490 491
  97 (0.000000,0.000000)  10  50 143 229 243 336 418 422 462 468 471
  98 (0.000000,0.000000)   9  71 148 191 210 221 263 313 341 410
  99 (0.000000,0.000000)   4  236 251 327 456
 100 (0.000000,0.000000)   5  40 41 112 262 312
 101 (0.000000,0.000000)   6  58 74 118 121 258 288
 102 (0.000000,0.000000)   9  84 111 187 218 242 399 429 453 480
 103 (0.000000,0.000000)   9  8 11 155 190 221 245 292 336 476
 104 (0.000000,0.000000)   9  93 107 129 184 209 240 264 454 456
 105 (0.000000,0.000000)   7  58 123 193 194 356 427 456
 106 (0.000000,0.000000)  14  14 70 128 144 172 190 265 292 294 307 370 381 382 410
 107 (0.000000,0.000000)   8  104 327 375 385 410 429 439 446
 108 (0.000000,0.000000)   6  38 51 156 347 391 473
 109 (0.000000,0.000000)   7  33 73 138 182 311 384 407
 110 (0.000000,0.000000)   8  53 59 188 219 299 440 477 490
 111 (0.000000,0.000000)  15  25 28 102 121 137 228 363 367 398 401 422 432 456 476 495
 112 (0.000000,0.000000)  10  76 87 90 92 100 187 252 292 302 484
 113 (0.000000,0.000000)  13  3 35 42 180 219 228 277 294 375 413 420 479 498
 114 (0.000000,0.000000)  10  14 46 122 125 136 165 330 357 412 490
 115 (0.000000,0.000000)   7  33 123 191 229 316 389 409
 116 (0.000000,0.000000)   6  35 84 89 233 366 415
 117 (0.000000,0.000000)   5  19 157 357 366 418
 118 (0.000000,0.000000)  10  101 121 173 254 263 266 275 292 356 441
 119 (0.000000,0.000000)  13  32 53 131 189 246 257 274 305 316 358 435 462 473
 120 (0.000000,0.000000)   5  210 271 316 405 452
 121 (0.000000,0.000000)  17  4 18 69 72 101 111 118 137 149 151 170 199 225 230 254 332 347
 122 (0.000000,0.000000)  16  32 44 65 78 85 87 91 114 161 232 255 308 368 452 455 460
 123 (0.000000,0.000000)   9  105 115 153 183 248 273 305 398 456
 124 (0.000000,0.000000)   6  9 47 68 273 370 435
 125 (0.000000,0.000000)   7  114 161 162 245 333 440 447
 126 (0.000000,0.000000)   7  69 142 204 214 218 232 323
 127 (0.000000,0.000000)   8  1 36 141 293 389 392 395 428
 128 (0.000000,0.000000)   6  106 173 184 247 354 466
 129 (0.000000,0.000000)  17  36 72 87 104 139 158 204 232 254 285 288 309 329 394 418 433 492
 130 (0.000000,0.000000)  10  28 42 90 140 145 177 236 318 347 439
 131 (0.000000,0.000000)  13  119 153 166 177 205 227 241 265 311 328 371 378 461
 132 (0.000000,0.000000)   5  148 312 360 371 430
 133 (0.000000,0.000000)   8  39 48 76 80 167 226 359 423
 134 (0.000000,0.000000)   5  148 193 280 474 484
 135 (0.000000,0.000000)  11  35 60 142 183 221 242 255 292 350 391 485
 136 (0.000000,0.000000)  12  15 27 38 79 114 193 330 353 378 395 421 454
 137 (0.000000,0.000000)   6  44 111 121 212 237 308
 138 (0.000000,0.000000)   6  109 162 285 308 318 436
 139 (0.000000,0.000000)   9  5 129 226 259 273 284 392 470 472
 140 (0.000000,0.000000)   8  43 130 215 223 322 342 473 482
 141 (0.000000,0.000000)   7  10 42 43 127 162 349 385
 142 (0.000000,0.000000)  11  50 126 135 175 231 233 249 264 275 322 417
 143 (0.000000,0.000000)  10  97 149 159 205 239 292 368 414 423 437
 144 (0.000000,0.000000)  11  23 33 65 106 283 367 368 405 411 413 430
 145 (0.000000,0.000000)   9  130 148 150 261 337 392 400 477 495
 146 (0.000000,0.000000)   6  29 80 188 274 304 438
 147 (0.000000,0.000000)   7  31 94 95 166 253 320 324
 148 (0.000000,0.000000)  16  19 29 98 132 134 145 158 214 216 217 266 323 385 396 439 490
 149 (0.000000,0.000000)  13  26 56 70 121 143 164 227 307 324 383 415 454 464
 150 (0.000000,0.000000)  10  6 67 145 163 172 175 177 183 351 411
 151 (0.000000,0.000000)   6  52 121 173 210 405 449
 152 (0.000000,0.000000)  13  57 84 201 213 303 369 392 403 414 417 470 478 489
 153 (0.000000,0.000000)  16  11 74 91 123 131 215 241 337 350 352 353 354 366 373 407 410
 154 (0.000000,0.000000)   9  164 232 267 376 394 426 428 430 457
 155 (0.000000,0.000000)  10  3 18 54 55 81 103 204 323 411 462
 156 (0.000000,0.000000)  18  16 23 68 87 108 172 174 196 200 275 279 331 367 380 418 454 467 469
 157 (0.000000,0.000000)   8  75 79 117 159 168 174 228 245
 158 (0.000000,0.000000)  11  25 60 75 129 148 184 254 355 369 417 495
 159 (0.000000,0.000000)  11  62 75 143 157 181 238 274 354 413 420 489
 160 (0.000000,0.000000)   7  58 94 187 337 429 465 492
 161 (0.000000,0.000000)   8  1 10 122 125 224 370 416 460
 162 (0.000000,0.000000)  14  74 89 125 138 141 235 245 274 327 346 356 361 450 467
 163 (0.000000,0.000000)   7  22 54 88 150 181 289 308
 164 (0.000000,0.000000)   8  32 149 154 177 311 331 401 452
 165 (0.000000,0.000000)  12  35 41 114 201 249 295 328 333 342 344 347 459
 166 (0.000000,0.000000)  10  28 131 147 190 259 276 342 406 412 447
 167 (0.000000,0.000000)  13  61 133 198 209 218 240 416 423 427 445 446 474 487
 168 (0.000000,0.000000)   8  19 89 157 202 204 235 389 459
 169 (0.000000,0.000000)   8  35 187 324 325 362 369 491 498
 170 (0.000000,0.000000)  15  7 9 10 24 25 121 193 197 214 277 280 321 377 382 410
 171 (0.000000,0.000000)   9  205 250 301 388 391 402 416 456 463
 172 (0.000000,0.000000)  11  4 6 12 25 27 81 106 150 156 234 420
 173 (0.000000,0.000000)  10  13 118 128 151 265 270 280 285 370 476
 174 (0.000000,0.000000)  10  37 156 157 225 256 280 283 312 365 468
 175 (0.000000,0.000000)   8  142 150 185 251 288 356 383 390
 176 (0.000000,0.000000)   7  296 326 342 388 391 445 475
 177 (0.000000,0.000000)  14  59 91 130 131 150 164 198 223 274 279 337 356 402 418
 178 (0.000000,0.000000)  13  24 55 62 91 183 255 264 266 268 308 327 344 484
 179 (0.000000,0.000000)   8  67 202 258 294 380 382 398 463
 180 (0.000000,0.000000)   9  91 113 203 227 273 362 364 421 448
 181 (0.000000,0.000000)   7  159 163 293 299 310 334 400
 182 (0.000000,0.000000)   6  41 80 109 189 238 315
 183 (0.000000,0.000000)  10  24 76 123 135 150 178 318 324 396 478
 184 (0.000000,0.000000)  11  17 36 104 128 158 367 383 392 405 427 443
 185 (0.000000,0.000000)  11  12 31 70 175 215 382 391 413 435 437 498
 186 (0.000000,0.000000)   5  22 197 211 282 478
 187 (0.000000,0.000000)  11  2 92 102 112 160 169 212 237 238 277 456
 188 (0.000000,0.000000)   9  26 110 146 244 270 275 322 428 435
 189 (0.000000,0.000000)  14  18 119 182 227 300 331 355 375 392 411 423 432 434 455
 190 (0.000000,0.000000)  14  58 103 106 166 191 273 342 385 408 424 450 463 471 481
 191 (0.000000,0.000000)  12  67 91 98 115 190 204 232 312 343 367 395 457
 192 (0.000000,0.000000)   7  2 32 83 237 293 414 485
 193 (0.000000,0.000000)  11  59 105 134 136 170 195 211 238 301 340 405
 194 (0.000000,0.000000)   9  73 105 299 326 354 411 412 462 481
 195 (0.000000,0.000000)   5  15 193 203 253 458
 196 (0.000000,0.000000)   6  14 156 227 347 358 436
 197 (0.000000,0.000000)   5  42 170 186 269 489
 198 (0.000000,0.000000)   8  76 167 177 217 273 326 404 488
 199 (0.000000,0.000000)   3  121 200 311
 200 (0.000000,0.000000)   8  3 21 51 54 82 156 199 396
 201 (0.000000,0.000000)   3  152 165 350
 202 (0.000000,0.000000)  10  16 23 168 179 297 323 337 386 391 445
 203 (0.000000,0.000000)   9  39 57 180 195 262 283 359 461 470
 204 (0.000000,0.000000)  10  17 96 126 129 155 168 191 225 264 456
 205 (0.000000,0.000000)  10  33 81 86 131 143 171 273 347 397 429
 206 (0.000000,0.000000)   4  210 289 304 400
 207 (0.000000,0.000000)   7  31 53 57 208 242 307 482
 208 (0.000000,0.000000)   9  2 5 207 232 246 249 294 298 475
 209 (0.000000,0.000000)   8  55 104 167 241 273 338 361 408
 210 (0.000000,0.000000)  12  25 98 120 151 206 259 303 323 398 419 432 435
 211 (0.000000,0.000000)   7  28 186 193 355 408 433 494
 212 (0.000000,0.000000)   8  84 137 187 229 237 430 435 493
 213 (0.000000,0.000000)   5  152 331 389 408 454
 214 (0.000000,0.000000)  12  36 51 89 126 148 170 245 255 348 371 399 480
 215 (0.000000,0.000000)  13  13 140 153 185 227 276 279 328 335 376 410 484 490
 216 (0.000000,0.000000)   4  8 148 265 342
 217 (0.000000,0.000000)   9  148 198 242 243 245 291 310 357 431
 218 (0.000000,0.000000)   9  25 70 102 126 167 286 305 350 372
 219 (0.000000,0.000000)   7  5 43 79 110 113 234 310
 220 (0.000000,0.000000)   6  30 67 226 234 348 428
 221 (0.000000,0.000000)  12  13 30 52 98 103 135 229 355 425 468 480 494
 222 (0.000000,0.000000)  12  20 26 60 65 71 266 270 396 424 436 480 490
 223 (0.000000,0.000000)  16  5 92 93 140 177 276 314 326 346 388 395 422 433 453 477 480
 224 (0.000000,0.000000)   9  19 90 161 286 293 349 379 422 474
 225 (0.000000,0.000000)  14  33 85 95 121 174 204 252 253 260 266 278 311 317 323
 226 (0.000000,0.000000)   5  75 133 139 220 349
 227 (0.000000,0.000000)  11  48 131 149 180 189 196 215 273 278 386 480
 228 (0.000000,0.000000)   9  69 111 113 157 241 247 299 363 380
 229 (0.000000,0.000000)  11  63 97 115 212 221 238 253 274 344 368 395
 230 (0.000000,0.000000)  14  6 8 11 46 121 232 233 312 337 356 409 431 438 479
 231 (0.000000,0.000000)  11  5 18 142 315 344 367 375 399 443 453 474
 232 (0.000000,0.000000)  14  8 17 122 126 129 154 191 208 230 234 237 341 358 456
 233 (0.000000,0.000000)   9  58 84 116 142 230 240 321 397 399
 234 (0.000000,0.000000)  12  24 60 172 219 220 232 259 286 309 390 460 487
 235 (0.000000,0.000000)  11  34 64 85 95 162 168 267 272 280 287 378
 236 (0.000000,0.000000)  14  27 63 64 99 130 244 264 288 332 424 425 437 456 493
 237 (0.000000,0.000000)  10  65 71 137 187 192 212 232 282 293 439
 238 (0.000000,0.000000)  14  44 68 95 159 182 187 193 229 272 286 289 347 367 426
 239 (0.000000,0.000000)   4  71 81 143 417
 240 (0.000000,0.000000)   8  39 104 167 233 300 351 366 477
 241 (0.000000,0.000000)  10  131 153 209 228 260 298 299 380 392 434
 242 (0.000000,0.000000)   8  54 60 102 135 207 217 247 320
 243 (0.000000,0.000000)   8  97 217 269 339 371 413 460 468
 244 (0.000000,0.000000)  12  17 82 188 236 262 291 301 320 351 375 388 402
 245 (0.000000,0.000000)  13  17 38 95 103 125 157 162 214 217 289 320 441 467
 246 (0.000000,0.000000)   4  119 208 267 421
 247 (0.000000,0.000000)  10  67 81 128 228 242 288 316 436 468 475
 248 (0.000000,0.000000)   7  4 6 33 123 252 309 345
 249 (0.000000,0.000000)   8  9 22 142 165 208 359 404 433
 250 (0.000000,0.000000)  11  2 18 25 26 34 63 66 74 171 338 395
 251 (0.000000,0.000000)   6  27 99 175 252 284 371
 252 (0.000000,0.000000)  12  3 112 225 248 251 270 299 311 386 395 472 475
 253 (0.000000,0.000000)  10  147 195 225 229 325 334 340 379 445 459
 254 (0.000000,0.000000)  10  5 44 70 118 121 129 158 266 281 470
 255 (0.000000,0.000000)   9  122 135 178 214 266 318 385 422 491
 256 (0.000000,0.000000)   4  174 292 313 443
 257 (0.000000,0.000000)  10  62 119 264 301 325 334 351 355 390 404
 258 (0.000000,0.000000)  13  3 12 35 48 101 179 261 308 364 398 406 414 453
 259 (0.000000,0.000000)   8  88 139 166 210 234 305 346 417
 260 (0.000000,0.000000)  10  16 32 59 95 225 241 302 351 381 477
 261 (0.000000,0.000000)   9  145 258 285 324 327 336 404 462 469
 262 (0.000000,0.000000)   8  6 30 100 203 244 295 420 457
 263 (0.000000,0.000000)   7  21 36 98 118 290 383 420
 264 (0.000000,0.000000)  15  82 104 142 178 204 236 257 265 277 306 311 372 402 403 465
 265 (0.000000,0.000000)   9  33 106 131 173 216 264 304 364 408
 266 (0.000000,0.000000)  16  39 65 118 148 178 222 225 254 255 281 314 317 394 431 449 493
 267 (0.000000,0.000000)   6  154 235 246 270 291 466
 268 (0.000000,0.000000)   9  6 39 68 73 85 178 285 286 434
 269 (0.000000,0.000000)   6  88 197 243 372 398 439
 270 (0.000000,0.000000)   9  63 173 188 222 252 267 279 397 453
 271 (0.000000,0.000000)   2  21 120
 272 (0.000000,0.000000)  10  235 238 325 364 394 405 436 437 475 488
 273 (0.000000,0.000000)  15  10 123 124 139 180 190 198 205 209 227 294 303 381 390 450
 274 (0.000000,0.000000)  10  9 73 119 146 159 162 177 229 283 402
 275 (0.000000,0.000000)  13  11 14 73 77 118 142 156 188 302 304 341 465 473
 276 (0.000000,0.000000)   8  58 166 215 223 346 362 424 461
 277 (0.000000,0.000000)  10  31 50 113 170 187 264 323 328 454 475
 278 (0.000000,0.000000)   9  5 19 39 225 227 342 422 455 467
 279 (0.000000,0.000000)   8  83 96 156 177 215 270 398 461
 280 (0.000000,0.000000)  12  7 11 83 134 170 173 174 235 313 402 455 498
 281 (0.000000,0.000000)   8  30 57 254 266 347 369 391 453
 282 (0.000000,0.000000)  11  25 48 76 186 237 329 349 369 437 464 484
 283 (0.000000,0.000000)  10  61 66 144 174 203 274 318 403 421 455
 284 (0.000000,0.000000)   8  79 139 251 306 312 314 455 491
 285 (0.000000,0.000000)  10  13 129 138 173 261 268 363 422 434 469
 286 (0.000000,0.000000)  12  28 38 218 224 234 238 268 343 411 447 455 459
 287 (0.000000,0.000000)   8  32 235 381 469 471 485 486 495
 288 (0.000000,0.000000)   8  51 63 101 129 175 236 247 332
 289 (0.000000,0.000000)  10  20 57 163 206 238 245 293 383 418 485
 290 (0.000000,0.000000)   8  13 40 263 307 330 332 483 492
 291 (0.000000,0.000000)   8  30 217 244 267 292 363 413 462
 292 (0.000000,0.000000)  12  2 36 40 94 103 106 112 118 135 143 256 291
 293 (0.000000,0.000000)  12  59 79 83 127 181 192 224 237 289 309 337 359
 294 (0.000000,0.000000)  10  29 106 113 179 208 273 392 444 451 453
 295 (0.000000,0.000000)   8  19 80 165 262 316 415 447 458
 296 (0.000000,0.000000)   4  176 369 382 477
 297 (0.000000,0.000000)   9  13 51 65 84 202 326 366 441 457
 298 (0.000000,0.000000)   6  4 208 241 408 437 489
 299 (0.000000,0.000000)  12  83 88 89 110 181 194 228 241 252 305 331 479
 300 (0.000000,0.000000)   9  10 24 92 93 189 240 371 417 419
 301 (0.000000,0.000000)   8  29 78 85 171 193 244 257 329
 302 (0.000000,0.000000)   8  43 63 112 260 275 374 437 491
 303 (0.000000,0.000000)   6  47 152 210 273 304 421
 304 (0.000000,0.000000)  10  28 54 146 206 265 275 303 413 426 469
 305 (0.000000,0.000000)  10  42 74 119 123 218 259 299 369 395 450
 306 (0.000000,0.000000)  10  18 31 51 61 264 284 378 430 439 446
 307 (0.000000,0.000000)  12  10 59 84 106 149 207 290 339 382 404 468 489
 308 (0.000000,0.000000)  12  17 122 137 138 163 178 258 337 339 433 451 483
 309 (0.000000,0.000000)  10  82 92 129 234 248 293 366 388 437 487
 310 (0.000000,0.000000)   8  181 217 219 336 342 373 440 462
 311 (0.000000,0.000000)  13  33 109 131 164 199 225 252 264 332 336 378 390 411
 312 (0.000000,0.000000)  13  20 61 100 132 174 191 230 284 320 359 391 433 450
 313 (0.000000,0.000000)   8  61 98 256 280 335 345 377 457
 314 (0.000000,0.000000)   6  223 266 284 356 367 374
 315 (0.000000,0.000000)  10  12 21 32 47 53 182 231 397 424 445
 316 (0.000000,0.000000)  13  40 70 88 115 119 120 247 295 324 355 386 488 499
 317 (0.000000,0.000000)   8  8 10 47 48 225 266 460 489
 318 (0.000000,0.000000)   8  85 94 130 138 183 255 283 366
 319 (0.000000,0.000000)   7  60 330 350 352 429 433 475
 320 (0.000000,0.000000)  11  11 55 147 242 244 245 312 350 372 464 468
 321 (0.000000,0.000000)   5  10 32 170 233 390
 322 (0.000000,0.000000)   6  140 142 188 364 372 499
 323 (0.000000,0.000000)   8  21 126 148 155 202 210 225 277
 324 (0.000000,0.000000)  14  21 67 78 147 149 169 183 261 316 389 430 441 472 482
 325 (0.000000,0.000000)   9  12 52 169 253 257 272 394 458 496
 326 (0.000000,0.000000)  10  30 87 176 194 198 223 297 404 414 491
 327 (0.000000,0.000000)   7  54 99 107 162 178 261 492
 328 (0.000000,0.000000)   7  12 52 131 165 215 277 478
 329 (0.000000,0.000000)   6  27 57 129 282 301 500
 330 (0.000000,0.000000)  13  35 36 75 87 114 136 290 319 340 343 435 454 457
 331 (0.000000,0.000000)  11  26 78 88 96 156 164 189 213 299 332 440
 332 (0.000000,0.000000)   9  121 236 288 290 311 331 382 421 436
 333 (0.000000,0.000000)   7  68 88 125 165 381 393 477
 334 (0.000000,0.000000)   5  181 253 257 376 490
 335 (0.000000,0.000000)   4  215 313 339 484
 336 (0.000000,0.000000)  10  85 97 103 261 310 311 349 365 408 459
 337 (0.000000,0.000000)  11  145 153 160 177 202 230 293 308 347 366 466
 338 (0.000000,0.000000)   5  15 76 209 250 382
 339 (0.000000,0.000000)   7  41 243 307 308 335 356 387
 340 (0.000000,0.000000)   4  65 193 253 330
 341 (0.000000,0.000000)   7  18 24 51 93 98 232 275
 342 (0.000000,0.000000)  15  16 85 140 165 166 176 190 216 278 310 370 399 400 443 457
 343 (0.000000,0.000000)   6  18 81 191 286 330 389
 344 (0.000000,0.000000)   8  18 62 165 178 229 231 395 425
 345 (0.000000,0.000000)  11  1 79 248 313 357 409 417 424 440 445 464
 346 (0.000000,0.000000)   8  66 162 223 259 276 351 492 498
 347 (0.000000,0.000000)  18  73 76 91 108 121 130 165 196 205 238 281 337 383 386 417 427 429 456
 348 (0.000000,0.000000)   9  6 79 87 90 214 220 369 419 475
 349 (0.000000,0.000000)  13  16 25 60 74 78 141 224 226 282 336 436 449 478
 350 (0.000000,0.000000)  10  2 135 153 201 218 319 320 355 397 489
 351 (0.000000,0.000000)   8  38 150 240 244 257 260 346 462
 352 (0.000000,0.000000)   4  16 153 319 415
 353 (0.000000,0.000000)   7  46 92 136 153 405 435 477
 354 (0.000000,0.000000)   9  1 10 74 128 153 159 194 428 441
 355 (0.000000,0.000000)  12  52 66 158 189 211 221 257 316 350 381 444 447
 356 (0.000000,0.000000)  13  12 105 118 162 175 177 230 314 339 366 388 399 428
 357 (0.000000,0.000000)   9  21 32 114 117 217 345 375 446 462
 358 (0.000000,0.000000)   6  68 119 196 232 385 481
 359 (0.000000,0.000000)  11  12 39 59 133 203 249 293 312 409 471 489
 360 (0.000000,0.000000)   7  2 20 71 132 379 389 460
 361 (0.000000,0.000000)   6  20 162 209 406 429 455
 362 (0.000000,0.000000)   8  18 66 84 169 180 276 376 423
 363 (0.000000,0.000000)   7  85 111 228 285 291 421 463
 364 (0.000000,0.000000)  11  19 80 180 258 265 272 322 376 398 404 489
 365 (0.000000,0.000000)  10  25 31 35 85 174 336 370 399 438 455
 366 (0.000000,0.000000)  12  23 67 116 117 153 240 297 309 318 337 356 451
 367 (0.000000,0.000000)  15  10 111 144 156 184 191 231 238 314 378 382 390 402 430 458
 368 (0.000000,0.000000)   8  36 61 122 143 144 229 370 491
 369 (0.000000,0.000000)  13  49 94 152 158 169 281 282 296 305 348 372 456 482
 370 (0.000000,0.000000)  15  71 106 124 161 173 342 365 368 408 422 439 442 444 463 464
 371 (0.000000,0.000000)  13  54 55 131 132 214 243 251 300 405 424 440 452 487
 372 (0.000000,0.000000)  10  32 37 62 218 264 269 320 322 369 466
 373 (0.000000,0.000000)   5  19 73 153 310 481
 374 (0.000000,0.000000)   8  17 20 27 52 53 302 314 447
 375 (0.000000,0.000000)  11  53 67 107 113 189 231 244 357 391 429 486
 376 (0.000000,0.000000)  10  3 52 81 154 215 334 362 364 417 477
 377 (0.000000,0.000000)   5  64 170 313 462 476
 378 (0.000000,0.000000)   9  53 131 136 235 306 311 367 411 444
 379 (0.000000,0.000000)  11  25 32 45 224 253 360 389 402 403 430 435
 380 (0.000000,0.000000)   9  2 156 179 228 241 432 446 467 496
 381 (0.000000,0.000000)  10  37 44 49 106 260 273 287 333 355 457
 382 (0.000000,0.000000)  13  28 79 106 170 179 185 296 307 332 338 367 403 425
 383 (0.000000,0.000000)  11  10 12 50 149 175 184 263 289 347 416 440
 384 (0.000000,0.000000)   7  33 51 109 392 428 451 488
 385 (0.000000,0.000000)   9  3 79 107 141 148 190 255 358 499
 386 (0.000000,0.000000)  11  7 46 72 202 227 252 316 347 415 444 485
 387 (0.000000,0.000000)   5  83 339 389 473 491
 388 (0.000000,0.000000)   9  171 176 223 244 309 356 404 473 493
 389 (0.000000,0.000000)  12  54 59 78 115 127 168 213 324 343 360 379 387
 390 (0.000000,0.000000)   9  44 75 175 234 257 273 311 321 367
 391 (0.000000,0.000000)  13  3 58 60 108 135 171 176 185 202 281 312 375 456
 392 (0.000000,0.000000)   9  127 139 145 152 184 189 241 294 384
 393 (0.000000,0.000000)   5  13 38 66 82 333
 394 (0.000000,0.000000)  10  8 22 50 129 154 266 272 325 445 481
 395 (0.000000,0.000000)  12  42 127 136 191 223 229 250 252 305 344 422 464
 396 (0.000000,0.000000)   8  28 41 64 148 183 200 222 487
 397 (0.000000,0.000000)  10  18 205 233 270 315 350 411 442 466 494
 398 (0.000000,0.000000)  10  4 70 111 123 179 210 258 269 279 364
 399 (0.000000,0.000000)  13  13 60 89 102 214 231 233 342 356 365 426 447 485
 400 (0.000000,0.000000)   7  66 81 145 181 206 342 486
 401 (0.000000,0.000000)   4  111 164 430 472
 402 (0.000000,0.000000)  10  171 177 244 264 274 280 367 379 431 447
 403 (0.000000,0.000000)  12  13 44 152 264 283 379 382 435 436 445 466 490
 404 (0.000000,0.000000)  11  3 198 249 257 261 307 326 364 388 461 499
 405 (0.000000,0.000000)  10  79 93 120 144 151 184 193 272 353 371
 406 (0.000000,0.000000)   7  29 61 93 166 258 361 419
 407 (0.000000,0.000000)   8  21 43 60 109 153 413 417 466
 408 (0.000000,0.000000)  11  50 53 67 190 209 211 213 265 298 336 370
 409 (0.000000,0.000000)   7  17 34 41 115 230 345 359
 410 (0.000000,0.000000)   7  8 98 106 107 153 170 215
 411 (0.000000,0.000000)  16  24 46 47 144 150 155 189 194 286 311 378 397 439 465 466 485
 412 (0.000000,0.000000)   7  11 45 72 114 166 194 470
 413 (0.000000,0.000000)  12  113 144 159 185 243 291 304 407 466 492 496 497
 414 (0.000000,0.000000)   7  143 152 192 258 326 423 452
 415 (0.000000,0.000000)   9  47 77 90 95 116 149 295 352 386
 416 (0.000000,0.000000)   7  161 167 171 383 444 477 486
 417 (0.000000,0.000000)  16  16 63 64 66 142 152 158 239 259 300 345 347 376 407 443 466
 418 (0.000000,0.000000)   9  72 95 97 117 129 156 177 289 484
 419 (0.000000,0.000000)   8  13 45 49 210 300 348 406 464
 420 (0.000000,0.000000)   7  14 113 159 172 262 263 446
 421 (0.000000,0.000000)  12  12 32 74 136 180 246 283 303 332 363 429 459
 422 (0.000000,0.000000)  10  97 111 223 224 255 278 285 370 395 439
 423 (0.000000,0.000000)  11  1 58 70 133 143 167 189 362 414 451 465
 424 (0.000000,0.000000)  13  15 46 69 74 190 222 236 276 315 345 371 471 496
 425 (0.000000,0.000000)  11  40 44 56 66 72 85 221 236 344 382 442
 426 (0.000000,0.000000)   9  42 44 46 154 238 304 399 443 454
 427 (0.000000,0.000000)   7  34 88 105 167 184 347 478
 428 (0.000000,0.000000)   8  127 154 188 220 354 356 384 458
 429 (0.000000,0.000000)  10  21 102 107 160 205 319 347 361 375 421
 430 (0.000000,0.000000)  13  132 144 154 212 306 324 367 379 401 461 476 486 487
 431 (0.000000,0.000000)   8  12 68 217 230 266 402 437 461
 432 (0.000000,0.000000)   4  111 189 210 380
 433 (0.000000,0.000000)  10  54 129 211 223 249 308 312 319 450 499
 434 (0.000000,0.000000)   8  76 93 189 241 268 285 461 497
 435 (0.000000,0.000000)  15  4 30 74 119 124 185 188 210 212 330 353 379 403 456 493
 436 (0.000000,0.000000)  15  10 15 26 49 96 138 196 222 247 272 332 349 403 473 493
 437 (0.000000,0.000000)  13  11 59 80 143 185 236 272 282 298 302 309 431 468
 438 (0.000000,0.000000)   5  36 94 146 230 365
 439 (0.000000,0.000000)  12  22 84 93 107 130 148 237 269 306 370 411 422
 440 (0.000000,0.000000)  13  44 110 125 310 331 345 371 383 466 470 484 485 486
 441 (0.000000,0.000000)   6  49 118 245 297 324 354
 442 (0.000000,0.000000)   4  28 370 397 425
 443 (0.000000,0.000000)   7  52 184 231 256 342 417 426
 444 (0.000000,0.000000)   8  294 355 370 378 386 416 471 480
 445 (0.000000,0.000000)  11  10 167 176 202 253 315 345 394 403 449 466
 446 (0.000000,0.000000)   8  37 91 107 167 306 357 380 420
 447 (0.000000,0.000000)  15  16 84 125 166 286 295 355 374 399 402 469 470 481 488 489
 448 (0.000000,0.000000)   3  22 180 494
 449 (0.000000,0.000000)   5  76 151 266 349 445
 450 (0.000000,0.000000)   6  162 190 273 305 312 433
 451 (0.000000,0.000000)  10  32 38 45 294 308 366 384 423 467 476
 452 (0.000000,0.000000)  10  73 89 91 120 122 164 371 414 481 484
 453 (0.000000,0.000000)   9  5 76 102 223 231 258 270 281 294
 454 (0.000000,0.000000)   9  72 104 136 149 156 213 277 330 426
 455 (0.000000,0.000000)  14  15 26 75 95 122 189 278 280 283 284 286 361 365 483
 456 (0.000000,0.000000)  17  13 79 99 104 105 111 123 171 187 204 232 236 347 369 391 435 500
 457 (0.000000,0.000000)   8  154 191 262 297 313 330 342 381
 458 (0.000000,0.000000)   8  6 27 80 195 295 325 367 428
 459 (0.000000,0.000000)  11  32 41 73 165 168 253 286 336 421 475 495
 460 (0.000000,0.000000)   7  122 161 234 243 317 360 478
 461 (0.000000,0.000000)   8  131 203 276 279 404 430 431 434
 462 (0.000000,0.000000)  11  26 97 119 155 194 261 291 310 351 357 377
 463 (0.000000,0.000000)   5  171 179 190 363 370
 464 (0.000000,0.000000)  10  18 95 149 282 320 345 370 395 419 486
 465 (0.000000,0.000000)   9  4 14 43 77 160 264 275 411 423
 466 (0.000000,0.000000)  12  128 267 337 372 397 403 407 411 413 417 440 445
 467 (0.000000,0.000000)  12  7 32 33 39 77 156 162 245 278 380 451 494
 468 (0.000000,0.000000)  11  52 85 97 174 221 243 247 307 320 437 497
 469 (0.000000,0.000000)  12  51 64 96 156 261 285 287 304 447 472 495 499
 470 (0.000000,0.000000)  10  27 50 93 139 152 203 254 412 440 447
 471 (0.000000,0.000000)   9  11 39 97 190 287 359 424 444 491
 472 (0.000000,0.000000)   7  54 89 139 252 324 401 469
 473 (0.000000,0.000000)  10  10 28 55 108 119 140 275 387 388 436
 474 (0.000000,0.000000)   6  47 72 134 167 224 231
 475 (0.000000,0.000000)  10  11 176 208 247 252 272 277 319 348 459
 476 (0.000000,0.000000)   7  57 103 111 173 377 430 451
 477 (0.000000,0.000000)  13  36 91 110 145 223 240 260 296 333 353 376 416 489
 478 (0.000000,0.000000)   8  91 152 183 186 328 349 427 460
 479 (0.000000,0.000000)   5  15 73 113 230 299
 480 (0.000000,0.000000)   8  68 102 214 221 222 223 227 444
 481 (0.000000,0.000000)   9  34 190 194 358 373 394 447 452 488
 482 (0.000000,0.000000)   5  32 140 207 324 369
 483 (0.000000,0.000000)   5  76 290 308 455 492
 484 (0.000000,0.000000)  11  26 27 112 134 178 215 282 335 418 440 452
 485 (0.000000,0.000000)  11  7 71 81 135 192 287 289 386 399 411 440
 486 (0.000000,0.000000)  10  61 80 287 375 400 416 430 440 464 489
 487 (0.000000,0.000000)   9  71 167 234 309 371 396 430 488 489
 488 (0.000000,0.000000)   9  17 50 198 272 316 384 447 481 487
 489 (0.000000,0.000000)  15  54 88 152 159 197 298 307 317 350 359 364 447 477 486 487
 490 (0.000000,0.000000)  13  2 10 70 71 73 96 110 114 148 215 222 334 403
 491 (0.000000,0.000000)  10  96 169 255 284 302 326 368 387 471 493
 492 (0.000000,0.000000)   8  63 129 160 290 327 346 413 483
 493 (0.000000,0.000000)  10  3 16 19 212 236 266 388 435 436 491
 494 (0.000000,0.000000)   6  93 211 221 397 448 467
 495 (0.000000,0.000000)   7  57 111 145 158 287 459 469
 496 (0.000000,0.000000)   6  21 25 325 380 413 424
 497 (0.000000,0.000000)   6  28 71 83 413 434 468
 498 (0.000000,0.000000)   6  35 113 169 185 280 346
 499 (0.000000,0.000000)   8  43 56 316 322 385 404 433 469
 500 (0.000000,0.000000)   6  24 35 42 80 329 456
