   1 (0.000000,0.000000)  12  60 105 163 178 210 254 311 328 352 380 391 454
   2 (0.000000,0.000000)  15  50 78 79 81 85 134 136 186 261 325 384 386 389 414 435
   3 (0.000000,0.000000)  18  53 66 97 138 143 189 223 230 238 267 318 368 374 384 396 455 476 493
   4 (0.000000,0.000000)  24  58 65 76 84 94 105 108 120 161 220 252 253 298 331 344 372 374 378 393 411 448 468 469 478
   5 (0.000000,0.000000)  19  26 35 51 136 149 184 193 196 282 291 315 329 332 335 345 410 469 487 498
   6 (0.000000,0.000000)  21  34 56 89 96 120 137 144 152 153 160 172 190 264 289 387 396 410 427 446 451 482
   7 (0.000000,0.000000)  25  44 57 128 152 163 196 274 306 310 328 346 369 383 390 414 432 440 441 443 455 458 464 471 474 478
   8 (0.000000,0.000000)  16  44 46 48 85 155 180 273 354 374 406 423 459 465 472 482 494
   9 (0.000000,0.000000)  19  23 38 46 59 74 110 118 163 242 295 314 322 325 330 334 335 374 426 470
  10 (0.000000,0.000000)  16  45 101 128 141 197 206 207 222 226 276 315 345 366 367 448 480
  11 (0.000000,0.000000)  22  46 75 81 118 127 172 217 244 249 280 304 336 346 358 368 374 436 462 467 469 491 499
  12 (0.000000,0.000000)  26  14 44 79 98 101 110 114 119 134 135 152 212 217 232 263 284 333 342 359 375 404 419 436 477 490 497
  13 (0.000000,0.000000)  20  18 24 43 54 58 78 124 149 156 165 170 185 228 308 394 409 425 449 454 467
  14 (0.000000,0.000000)  15  12 23 36 59 103 175 235 274 282 285 296 368 405 420 452
  15 (0.000000,0.000000)  23  45 48 58 80 110 113 193 220 222 227 241 263 294 302 303 318 336 365 380 411 413 435 492
  16 (0.000000,0.000000)  18  39 52 78 81 130 189 220 244 259 286 327 364 367 372 374 400 421 443
  17 (0.000000,0.000000)  14  21 25 32 36 130 143 147 223 296 302 338 371 427 452
  18 (0.000000,0.000000)  20  13 41 122 140 144 154 218 226 228 233 265 292 347 376 382 384 385 393 438 451
  19 (0.000000,0.000000)  20  25 95 103 122 167 181 185 203 213 237 322 328 333 345 394 395 405 412 452 471
  20 (0.000000,0.000000)  25  65 74 109 147 170 192 228 230 239 252 261 270 271 285 294 310 323 332 349 356 363 380 404 442 454
  21 (0.000000,0.000000)  18  17 25 72 109 185 212 227 230 297 298 325 337 359 369 434 464 479 482
  22 (0.000000,0.000000)  28  31 35 56 64 74 81 101 142 155 170 176 184 207 231 235 271 300 301 326 336 365 368 385 419 425 426 454 500
  23 (0.000000,0.000000)  19  9 14 34 39 59 60 69 72 73 85 107 172 220 241 290 343 396 401 414
  24 (0.000000,0.000000)  23  13 41 59 63 66 78 139 157 170 194 195 220 224 250 261 272 324 342 393 430 459 471 493
  25 (0.000000,0.000000)  24  17 19 21 44 89 95 110 176 177 209 212 295 312 339 356 376 377 389 390 436 446 466 481 494
  26 (0.000000,0.000000)  24  5 37 40 70 83 85 99 126 145 149 221 246 269 275 312 313 321 325 408 414 416 428 444 472
  27 (0.000000,0.000000)  13  29 32 63 64 87 212 235 268 305 309 391 460 465
  28 (0.000000,0.000000)  22  49 53 141 147 172 184 194 212 214 225 231 236 249 266 293 340 350 370 423 435 451 495
  29 (0.000000,0.000000)  20  27 58 62 96 122 152 194 204 218 239 270 346 353 361 366 373 391 408 415 463
  30 (0.000000,0.000000)  19  38 101 123 127 141 167 198 200 237 241 242 278 335 338 364 375 423 434 478
  31 (0.000000,0.000000)  16  22 41 54 67 111 112 114 178 261 324 351 352 448 457 485 486
  32 (0.000000,0.000000)  14  17 27 130 173 215 224 248 309 310 337 366 406 408 421
  33 (0.000000,0.000000)  14  42 81 118 164 208 228 336 363 374 413 439 450 458 500
  34 (0.000000,0.000000)  29  6 23 42 50 56 81 99 122 132 149 151 166 186 192 200 205 206 212 244 334 347 377 400 417 442 451 462 470 485
  35 (0.000000,0.000000)  17  5 22 43 61 92 93 103 105 116 122 216 275 283 350 363 444 494
  36 (0.000000,0.000000)  23  14 17 71 72 91 107 146 181 228 234 315 325 331 349 359 370 379 388 392 409 447 482 493
  37 (0.000000,0.000000)  30  26 70 76 84 86 99 128 137 175 176 214 217 239 248 250 267 272 278 307 317 335 346 347 361 429 435 443 444 458 462
  38 (0.000000,0.000000)  30  9 30 53 75 100 120 121 126 151 158 162 167 176 182 189 206 207 213 216 275 284 289 293 303 361 416 426 429 454 491
  39 (0.000000,0.000000)  21  16 23 44 45 55 73 88 90 102 105 124 177 191 225 232 259 275 372 404 420 499
  40 (0.000000,0.000000)  19  26 43 65 71 74 98 114 118 139 170 181 216 347 368 386 398 399 419 495
  41 (0.000000,0.000000)  31  18 24 31 60 77 107 143 145 154 176 177 200 207 231 238 242 259 260 262 271 279 285 329 347 360 385 423 425 435 479 492
  42 (0.000000,0.000000)  21  33 34 61 114 139 145 153 169 174 181 196 199 259 272 285 315 366 375 384 402 433
  43 (0.000000,0.000000)  22  13 35 40 53 58 97 161 176 202 247 263 308 347 351 387 391 403 412 425 429 458 490
  44 (0.000000,0.000000)  23  7 8 12 25 39 53 58 72 114 124 145 153 169 197 249 284 350 383 453 471 487 489 500
  45 (0.000000,0.000000)  15  10 15 39 57 83 155 175 246 247 251 282 290 306 416 492
  46 (0.000000,0.000000)  19  8 9 11 62 70 93 106 125 126 193 225 254 297 324 326 335 399 455 466
  47 (0.000000,0.000000)  24  85 154 159 161 182 207 217 221 226 267 287 342 357 368 399 409 418 423 428 450 472 480 484 493
  48 (0.000000,0.000000)  18  8 15 111 114 132 194 234 245 253 268 342 349 350 354 361 392 423 427
  49 (0.000000,0.000000)  20  28 65 71 81 149 155 192 197 214 230 265 281 284 316 324 348 356 394 404 424
  50 (0.000000,0.000000)  19  2 34 56 78 82 133 236 252 255 275 327 330 341 373 410 420 433 441 465
  51 (0.000000,0.000000)  22  5 64 82 92 95 119 129 131 152 193 233 240 258 328 374 379 382 392 421 450 453 497
  52 (0.000000,0.000000)  19  16 97 147 186 190 204 224 229 240 265 373 442 448 466 473 479 490 497 500
  53 (0.000000,0.000000)  24  3 28 38 43 44 62 67 86 131 152 177 202 222 232 259 261 314 324 333 372 376 388 405 464
  54 (0.000000,0.000000)  17  13 31 77 182 259 304 332 338 357 366 405 431 453 458 459 462 486
  55 (0.000000,0.000000)  17  39 135 166 190 210 251 257 294 314 338 339 340 406 454 472 474 494
  56 (0.000000,0.000000)  20  6 22 34 50 73 82 115 128 130 143 220 287 298 320 335 354 367 373 403 466
  57 (0.000000,0.000000)  15  7 45 71 89 98 139 141 179 185 244 246 252 306 373 487
  58 (0.000000,0.000000)  24  4 13 15 29 43 44 70 110 130 160 187 188 230 241 272 288 292 296 306 323 332 341 439 478
  59 (0.000000,0.000000)  19  9 14 23 24 79 115 142 194 239 274 287 324 356 375 388 396 421 481 490
  60 (0.000000,0.000000)  23  1 23 41 66 67 71 75 80 120 121 155 165 189 225 266 283 353 379 417 424 438 457 492
  61 (0.000000,0.000000)  22  35 42 64 75 104 123 127 190 232 250 270 275 282 356 359 391 437 438 449 473 485 500
  62 (0.000000,0.000000)  14  29 46 53 135 187 196 210 263 267 288 307 349 466 499
  63 (0.000000,0.000000)  19  24 27 68 79 82 85 102 139 157 169 191 255 292 315 345 391 421 452 488
  64 (0.000000,0.000000)  19  22 27 51 61 98 113 178 275 292 300 339 341 360 366 404 429 475 481 487
  65 (0.000000,0.000000)  27  4 20 40 49 77 82 161 163 169 259 285 291 316 328 340 342 366 373 378 394 397 403 411 412 419 421 447
  66 (0.000000,0.000000)  17  3 24 60 81 85 126 177 210 244 254 305 344 347 359 381 440 468
  67 (0.000000,0.000000)  16  31 53 60 105 124 170 175 212 238 244 261 304 309 392 431 466
  68 (0.000000,0.000000)  14  63 100 125 130 196 231 320 349 357 363 368 434 450 454
  69 (0.000000,0.000000)  18  23 86 91 160 181 190 211 240 269 308 361 369 379 410 427 437 456 461
  70 (0.000000,0.000000)  19  26 37 46 58 93 111 147 162 267 279 281 288 290 403 406 423 441 473 491
  71 (0.000000,0.000000)  19  36 40 49 57 60 90 114 157 185 343 360 379 397 411 435 450 473 483 499
  72 (0.000000,0.000000)  19  21 23 36 44 80 82 88 130 148 152 212 218 261 294 309 390 422 436 493
  73 (0.000000,0.000000)  23  23 39 56 84 159 162 173 205 223 283 312 334 357 393 414 417 421 427 443 446 459 471 472
  74 (0.000000,0.000000)  28  9 20 22 40 113 120 150 179 181 183 184 205 237 266 269 278 280 288 295 305 371 396 402 410 425 458 466 471
  75 (0.000000,0.000000)  20  11 38 60 61 102 107 126 160 194 231 262 296 333 338 345 380 383 478 493 494
  76 (0.000000,0.000000)  14  4 37 105 115 178 192 204 272 372 383 397 458 479 493
  77 (0.000000,0.000000)  18  41 54 65 85 97 125 229 232 257 308 331 362 364 381 386 420 448 463
  78 (0.000000,0.000000)  18  2 13 16 24 50 107 136 151 160 168 197 275 289 328 406 430 458 464
  79 (0.000000,0.000000)  16  2 12 59 63 96 124 146 149 156 205 235 271 351 358 386 390
  80 (0.000000,0.000000)  17  15 60 72 88 104 111 164 170 195 219 220 276 327 396 409 423 432
  81 (0.000000,0.000000)  24  2 11 16 22 33 34 49 66 95 135 181 183 244 286 305 311 320 328 353 395 428 471 486 497
  82 (0.000000,0.000000)  22  50 51 56 63 65 72 105 155 177 185 222 259 268 271 272 279 329 339 348 369 430 456
  83 (0.000000,0.000000)  19  26 45 84 89 96 101 110 113 141 148 163 175 185 286 307 320 413 479 499
  84 (0.000000,0.000000)  16  4 37 73 83 99 116 158 221 255 280 318 324 376 405 419 459
  85 (0.000000,0.000000)  19  2 8 23 26 47 63 66 77 125 221 222 247 259 328 355 372 429 436 440
  86 (0.000000,0.000000)  19  37 53 69 147 148 161 175 180 216 302 306 314 316 333 348 418 423 448 491
  87 (0.000000,0.000000)  16  27 90 118 220 280 291 299 311 340 379 415 438 440 448 457 496
  88 (0.000000,0.000000)  17  39 72 80 106 141 178 198 217 232 240 275 302 305 324 467 469 495
  89 (0.000000,0.000000)  19  6 25 57 83 123 150 165 224 241 254 259 264 267 344 390 395 402 445 467
  90 (0.000000,0.000000)  21  39 71 87 110 113 117 123 126 135 149 180 195 204 264 361 399 411 426 441 463 485
  91 (0.000000,0.000000)  19  36 69 110 138 143 150 187 193 222 250 298 316 375 394 427 429 458 472 482
  92 (0.000000,0.000000)  21  35 51 110 112 134 150 155 182 193 204 208 210 242 274 318 372 373 386 425 463 492
  93 (0.000000,0.000000)  16  35 46 70 111 124 129 247 306 343 358 367 369 403 421 453 487
  94 (0.000000,0.000000)  21  4 120 127 140 162 219 220 261 266 293 333 400 408 409 411 417 430 451 460 474 476
  95 (0.000000,0.000000)  26  19 25 51 81 127 149 171 220 233 250 264 286 287 288 294 314 330 334 359 378 391 406 432 440 443 461
  96 (0.000000,0.000000)  19  6 29 79 83 111 152 163 178 195 237 277 315 316 325 363 411 412 420 461
  97 (0.000000,0.000000)  15  3 43 52 77 108 142 155 158 176 218 336 368 406 425 450
  98 (0.000000,0.000000)  12  12 40 57 64 149 189 211 247 300 373 376 411
  99 (0.000000,0.000000)  31  26 34 37 84 123 155 182 190 197 202 223 229 249 264 268 276 285 286 293 301 332 350 358 364 388 392 418 423 447 467 497
 100 (0.000000,0.000000)  15  38 68 105 214 243 260 264 296 327 328 346 386 413 480 500
 101 (0.000000,0.000000)  34  10 12 22 30 83 106 107 108 125 143 150 156 180 190 207 248 273 281 294 298 300 336 337 348 366 375 381 386 424 444 458 464 480 494
 102 (0.000000,0.000000)  18  39 63 75 135 156 165 220 223 231 303 335 343 357 369 387 394 414 449
 103 (0.000000,0.000000)  20  14 19 35 135 151 187 205 221 224 238 277 284 285 326 339 349 356 434 446 454
 104 (0.000000,0.000000)  25  61 80 113 123 132 136 162 177 179 202 220 240 246 280 291 301 318 321 329 334 363 382 395 473 494
 105 (0.000000,0.000000)  22  1 4 35 39 67 76 82 100 124 175 257 290 296 303 334 357 358 374 399 440 447 485
 106 (0.000000,0.000000)  23  46 88 101 121 153 164 171 178 219 234 248 259 279 319 325 351 365 367 380 443 449 480 488
 107 (0.000000,0.000000)  18  23 36 41 75 78 101 149 154 163 230 349 376 398 406 410 445 466 495
 108 (0.000000,0.000000)  16  4 97 101 127 132 134 171 195 214 234 240 296 310 316 343 483
 109 (0.000000,0.000000)  21  20 21 114 152 156 159 166 205 235 242 271 292 316 336 343 372 400 426 484 487 491
 110 (0.000000,0.000000)  21  9 12 15 25 58 83 90 91 92 190 205 241 262 267 275 280 300 310 358 361 365
 111 (0.000000,0.000000)  23  31 48 70 80 93 96 122 123 129 158 169 214 238 243 252 266 289 361 384 385 422 426 464
 112 (0.000000,0.000000)  25  31 92 134 144 166 188 204 217 235 255 256 259 262 303 304 325 335 344 346 358 359 396 397 449 471
 113 (0.000000,0.000000)  26  15 64 74 83 90 104 125 189 196 205 219 245 253 256 270 281 299 367 396 416 421 435 436 457 472 498
 114 (0.000000,0.000000)  29  12 31 40 42 44 48 71 109 123 140 178 191 198 223 243 250 262 270 283 315 331 341 347 358 364 417 418 484 493
 115 (0.000000,0.000000)  14  56 59 76 133 191 227 229 263 269 287 383 406 413 422
 116 (0.000000,0.000000)  19  35 84 134 139 167 177 200 214 216 254 276 311 313 378 395 428 454 483 491
 117 (0.000000,0.000000)  15  90 131 197 209 247 248 265 291 296 335 375 402 418 466 477
 118 (0.000000,0.000000)  27  9 11 33 40 87 120 130 156 200 208 228 262 266 271 282 319 328 354 355 406 412 416 444 454 462 470 498
 119 (0.000000,0.000000)  17  12 51 162 172 218 221 231 253 272 298 321 341 344 357 361 392 416
 120 (0.000000,0.000000)  17  4 6 38 60 74 94 118 127 222 230 303 343 377 382 418 454 479
 121 (0.000000,0.000000)  14  38 60 106 185 234 242 253 296 317 371 373 424 429 459
 122 (0.000000,0.000000)  23  18 19 29 34 35 111 129 136 141 236 238 289 326 347 375 403 410 426 452 453 478 481 484
 123 (0.000000,0.000000)  27  30 61 89 90 99 104 111 114 129 133 151 195 198 216 220 223 260 268 274 292 361 394 431 433 440 473 496
 124 (0.000000,0.000000)  26  13 39 44 67 79 93 105 128 149 155 179 274 302 305 329 351 368 369 380 395 414 434 444 451 466 492
 125 (0.000000,0.000000)  20  46 68 77 85 101 113 162 275 287 292 306 349 356 374 385 389 402 411 475 488
 126 (0.000000,0.000000)  25  26 38 46 66 75 90 156 165 168 177 193 201 203 210 222 237 298 312 319 328 335 348 363 418 456
 127 (0.000000,0.000000)  21  11 30 61 94 95 108 120 170 200 235 244 249 254 277 279 285 297 309 311 349 461
 128 (0.000000,0.000000)  23  7 10 37 56 124 130 138 199 214 215 231 250 260 263 314 349 350 365 410 430 450 495 496
 129 (0.000000,0.000000)  19  51 93 111 122 123 183 191 202 288 311 344 369 377 391 441 450 474 481 492
 130 (0.000000,0.000000)  28  16 17 32 56 58 68 72 118 128 140 146 168 169 179 191 216 319 327 330 347 360 404 436 446 469 477 484 492
 131 (0.000000,0.000000)  19  51 53 117 176 202 213 233 251 326 344 363 389 390 437 445 451 455 472 498
 132 (0.000000,0.000000)  25  34 48 104 108 143 177 180 192 229 231 246 250 299 325 347 358 382 401 404 408 411 435 438 454 481
 133 (0.000000,0.000000)  27  50 115 123 139 182 210 216 217 231 238 260 277 311 314 315 343 363 374 378 380 398 399 438 445 448 453 485
 134 (0.000000,0.000000)  18  2 12 92 108 112 116 158 166 187 191 226 252 267 291 306 320 456 464
 135 (0.000000,0.000000)  27  12 55 62 81 90 102 103 148 150 203 217 232 235 277 282 284 327 353 384 408 436 437 438 453 455 492 499
 136 (0.000000,0.000000)  22  2 5 78 104 122 147 169 171 198 207 228 241 254 277 300 307 324 366 370 445 446 496
 137 (0.000000,0.000000)  19  6 37 185 203 214 222 226 233 243 249 273 310 332 361 376 403 414 433 470
 138 (0.000000,0.000000)  28  3 91 128 161 173 206 233 234 265 289 311 316 323 326 329 333 337 341 345 382 403 410 443 448 462 471 472 475
 139 (0.000000,0.000000)  22  24 40 42 57 63 116 133 149 167 169 178 201 206 226 241 255 258 361 432 455 467 469
 140 (0.000000,0.000000)  23  18 94 114 130 147 148 168 190 196 207 252 269 277 278 286 315 325 363 403 429 467 480 482
 141 (0.000000,0.000000)  23  10 28 30 57 83 88 122 148 158 188 191 201 209 261 268 269 289 309 328 329 330 343 485
 142 (0.000000,0.000000)  24  22 59 97 145 147 148 165 169 197 248 272 289 310 311 383 387 396 401 405 436 457 460 462 477
 143 (0.000000,0.000000)  25  3 17 41 56 91 101 132 164 200 223 227 283 289 363 381 388 417 433 448 460 465 469 470 472 487
 144 (0.000000,0.000000)  16  6 18 112 158 174 208 239 300 310 345 353 364 403 446 454 478
 145 (0.000000,0.000000)  15  26 41 42 44 142 147 186 277 328 362 406 435 448 477 492
 146 (0.000000,0.000000)  16  36 79 130 156 185 250 252 346 350 364 388 395 419 443 458 486
 147 (0.000000,0.000000)  31  17 20 28 52 70 86 136 140 142 145 154 156 160 174 210 217 223 228 237 239 240 267 273 280 316 324 404 411 413 414 472
 148 (0.000000,0.000000)  24  72 83 86 135 140 141 142 199 255 265 277 280 290 299 304 309 311 376 382 384 395 399 412 484
 149 (0.000000,0.000000)  26  5 13 26 34 49 79 90 95 98 107 124 139 151 187 240 246 265 297 303 309 317 344 350 389 415 459
 150 (0.000000,0.000000)  19  74 89 91 92 101 135 166 174 198 240 260 266 386 402 406 465 478 481 490
 151 (0.000000,0.000000)  22  34 38 78 103 123 149 166 174 191 204 286 296 307 322 337 347 367 407 421 434 437 478
 152 (0.000000,0.000000)  26  6 7 12 29 51 53 72 96 109 164 172 207 220 232 243 250 267 300 325 328 336 358 399 452 465 470
 153 (0.000000,0.000000)  20  6 42 44 106 154 159 170 197 210 259 301 307 312 344 359 360 407 467 468 477
 154 (0.000000,0.000000)  19  18 41 47 107 147 153 161 210 236 268 333 340 346 371 383 387 427 432 469
 155 (0.000000,0.000000)  23  8 22 45 49 60 82 92 97 99 124 224 251 262 266 278 339 358 362 419 425 428 450 498
 156 (0.000000,0.000000)  27  13 79 101 102 109 118 126 146 147 184 194 247 260 278 285 293 299 302 314 374 389 392 397 401 404 473 492
 157 (0.000000,0.000000)  19  24 63 71 159 183 217 228 240 250 298 299 315 384 398 443 465 474 496 498
 158 (0.000000,0.000000)  22  38 84 97 111 134 141 144 166 169 174 212 275 304 351 385 404 418 423 459 495 496 497
 159 (0.000000,0.000000)  16  47 73 109 153 157 169 175 199 208 323 361 418 450 453 466 482
 160 (0.000000,0.000000)  21  6 58 69 75 78 147 187 190 194 243 264 266 290 313 336 395 435 439 452 454 460
 161 (0.000000,0.000000)  28  4 43 47 65 86 138 154 216 246 259 267 298 300 317 325 333 334 374 377 399 404 431 435 447 449 459 472 479
 162 (0.000000,0.000000)  27  38 70 73 94 104 119 125 164 170 185 191 213 228 234 247 256 285 306 323 339 345 365 376 434 453 470 497
 163 (0.000000,0.000000)  14  1 7 9 65 83 96 107 171 173 247 344 352 361 488
 164 (0.000000,0.000000)  23  33 80 106 143 152 162 170 229 238 243 253 263 268 284 308 342 349 379 401 425 440 476 491
 165 (0.000000,0.000000)  21  13 60 89 102 126 142 196 200 204 215 220 244 276 289 303 352 359 400 411 427 451
 166 (0.000000,0.000000)  22  34 55 109 112 134 150 151 158 168 218 252 281 295 313 348 358 398 422 430 468 488 493
 167 (0.000000,0.000000)  20  19 30 38 116 139 183 190 204 229 258 273 277 286 292 367 418 420 427 465 499
 168 (0.000000,0.000000)  19  78 126 130 140 166 175 193 198 224 248 272 373 384 386 397 407 409 464 482
 169 (0.000000,0.000000)  22  42 44 63 65 111 130 136 139 142 158 159 211 270 284 287 301 372 393 400 412 479 499
 170 (0.000000,0.000000)  19  13 20 22 24 40 67 80 127 153 162 164 173 193 294 365 390 411 454 476
 171 (0.000000,0.000000)  21  95 106 108 136 163 197 204 237 251 273 299 316 332 333 421 428 447 454 468 499 500
 172 (0.000000,0.000000)  24  6 11 23 28 119 152 183 211 212 250 263 282 283 290 296 300 332 376 382 386 457 474 477 487
 173 (0.000000,0.000000)  23  32 73 138 163 170 174 180 187 219 223 257 267 279 307 344 380 392 411 422 435 451 473 484
 174 (0.000000,0.000000)  17  42 144 147 150 151 158 173 241 250 269 278 281 294 305 307 316 470
 175 (0.000000,0.000000)  21  14 37 45 67 83 86 105 159 168 223 232 276 293 353 369 376 429 432 477 498 500
 176 (0.000000,0.000000)  19  22 25 37 38 41 43 97 131 177 218 244 250 263 295 337 384 423 460 483
 177 (0.000000,0.000000)  22  25 39 41 53 66 82 104 116 126 132 176 232 305 346 354 376 388 403 413 449 469 496
 178 (0.000000,0.000000)  21  1 31 64 76 88 96 106 114 139 182 189 197 225 228 245 249 274 364 374 407 409
 179 (0.000000,0.000000)   9  57 74 104 124 130 314 347 394 470
 180 (0.000000,0.000000)  16  8 86 90 101 132 173 223 249 270 279 319 323 324 342 372 497
 181 (0.000000,0.000000)  24  19 36 40 42 69 74 81 216 227 233 277 281 287 328 333 335 340 390 427 471 474 478 489 495
 182 (0.000000,0.000000)  25  38 47 54 92 99 133 178 198 209 231 247 250 253 259 270 280 282 295 370 382 387 396 438 455 490
 183 (0.000000,0.000000)  25  74 81 129 157 167 172 241 254 258 285 288 293 294 309 394 405 413 436 450 467 469 472 477 481 491
 184 (0.000000,0.000000)  22  5 22 28 74 156 188 197 220 229 231 247 287 317 356 382 398 413 417 428 459 476 491
 185 (0.000000,0.000000)  26  13 19 21 57 71 82 83 121 137 146 162 193 260 261 313 327 342 388 390 422 431 434 463 486 494 496
 186 (0.000000,0.000000)  14  2 34 52 145 192 213 274 283 334 348 378 441 455 478
 187 (0.000000,0.000000)  21  58 62 91 103 134 149 160 173 211 217 245 269 328 332 342 349 353 416 425 426 448
 188 (0.000000,0.000000)  17  58 112 141 184 206 228 232 268 276 282 303 316 354 399 442 477 481
 189 (0.000000,0.000000)  22  3 16 38 60 98 113 178 198 247 249 262 284 290 310 319 330 333 357 362 401 433 479
 190 (0.000000,0.000000)  20  6 52 55 61 69 99 101 110 140 160 167 262 293 327 376 409 436 472 487 495
 191 (0.000000,0.000000)  23  39 63 114 115 129 130 134 141 151 162 307 308 311 320 377 381 392 413 416 462 481 490 499
 192 (0.000000,0.000000)  27  20 34 49 76 132 186 216 217 223 247 255 258 295 297 311 355 360 382 391 392 415 417 436 438 463 471 492
 193 (0.000000,0.000000)  20  5 15 46 51 91 92 126 168 170 185 361 379 384 406 412 438 457 489 496 499
 194 (0.000000,0.000000)  17  24 28 29 48 59 75 156 160 215 325 333 362 389 392 397 444 465
 195 (0.000000,0.000000)  17  24 80 90 96 108 123 208 236 256 273 339 383 386 397 399 403 499
 196 (0.000000,0.000000)  17  5 7 42 62 68 113 140 165 245 257 311 387 400 407 456 477 479
 197 (0.000000,0.000000)  22  10 44 49 78 99 117 142 153 171 178 184 252 267 316 356 400 422 439 442 445 471 482
 198 (0.000000,0.000000)  19  30 88 114 123 136 150 168 182 189 208 237 254 261 299 341 350 391 414 479
 199 (0.000000,0.000000)  19  42 128 148 159 263 264 302 312 333 334 337 352 357 360 370 434 445 479 498
 200 (0.000000,0.000000)  18  30 34 41 116 118 127 143 165 206 226 246 248 274 342 370 448 478 480
 201 (0.000000,0.000000)  12  126 139 141 228 274 295 296 306 317 328 333 337
 202 (0.000000,0.000000)  19  43 53 99 104 129 131 239 267 280 282 284 295 343 344 386 395 442 457 478
 203 (0.000000,0.000000)  15  19 126 135 137 214 234 245 279 316 373 395 428 434 479 499
 204 (0.000000,0.000000)  23  29 52 76 90 92 112 151 165 167 171 221 237 262 291 294 302 305 321 341 358 389 403 413
 205 (0.000000,0.000000)  16  34 73 74 79 103 109 110 113 232 244 257 260 306 392 398 451
 206 (0.000000,0.000000)  22  10 34 38 138 139 188 200 261 265 281 297 299 342 363 375 385 410 433 463 467 496 497
 207 (0.000000,0.000000)  24  10 22 38 41 47 101 136 140 152 222 225 227 238 244 246 278 298 324 369 393 446 466 487 494
 208 (0.000000,0.000000)  19  33 92 118 144 159 195 198 279 280 299 313 339 362 367 373 397 410 423 436
 209 (0.000000,0.000000)  14  25 117 141 182 220 223 246 276 279 307 331 347 430 488
 210 (0.000000,0.000000)  20  1 55 62 66 92 126 133 147 153 154 219 266 275 281 309 315 359 402 429 475
 211 (0.000000,0.000000)  15  69 98 169 172 187 217 237 286 294 369 401 451 484 485 497
 212 (0.000000,0.000000)  24  12 21 25 27 28 34 67 72 158 172 213 214 254 276 282 283 289 291 302 337 340 367 388 459
 213 (0.000000,0.000000)  18  19 38 131 162 186 212 262 324 350 373 383 395 398 444 446 455 456 464
 214 (0.000000,0.000000)  17  28 37 49 100 108 111 116 128 137 203 212 230 232 260 311 346 497
 215 (0.000000,0.000000)  11  32 128 165 194 258 299 305 313 338 394 426
 216 (0.000000,0.000000)  27  35 38 40 86 116 123 130 133 161 181 192 220 222 228 249 267 276 278 287 316 328 348 373 480 481 484 489
 217 (0.000000,0.000000)  20  11 12 37 47 88 112 133 135 147 157 187 192 211 229 238 261 353 358 413 473
 218 (0.000000,0.000000)  13  18 29 72 97 119 166 176 222 309 423 451 468 499
 219 (0.000000,0.000000)  19  80 94 106 113 173 210 222 227 228 230 256 299 302 323 331 344 355 360 482
 220 (0.000000,0.000000)  30  4 15 16 23 24 56 80 87 94 95 102 104 123 152 165 184 209 216 221 245 307 338 364 369 393 416 419 423 449 483
 221 (0.000000,0.000000)  21  26 47 84 85 103 119 204 220 222 272 283 284 297 301 331 340 396 416 435 490 496
 222 (0.000000,0.000000)  28  10 15 53 82 85 91 120 126 137 207 216 218 219 221 238 268 300 312 365 374 382 384 393 409 440 445 446 476
 223 (0.000000,0.000000)  23  3 17 73 99 102 114 123 143 147 173 175 180 192 209 284 310 315 351 355 393 441 453 500
 224 (0.000000,0.000000)  24  24 32 52 89 103 155 168 231 237 253 331 332 339 344 361 380 381 392 407 416 431 453 463 487
 225 (0.000000,0.000000)  10  28 39 46 60 178 207 237 348 444 494
 226 (0.000000,0.000000)  18  10 18 47 134 137 139 200 243 248 258 264 279 281 304 371 381 408 427
 227 (0.000000,0.000000)  14  15 21 115 143 181 207 219 244 297 302 313 446 450 454
 228 (0.000000,0.000000)  25  13 18 20 33 36 118 136 147 157 162 178 188 201 216 219 244 259 268 310 353 396 403 413 426 483
 229 (0.000000,0.000000)  18  52 77 99 115 132 164 167 184 217 261 294 322 325 349 363 367 409 420
 230 (0.000000,0.000000)  24  3 20 21 49 58 107 120 214 219 233 245 249 258 275 297 303 316 330 345 364 380 392 435 489
 231 (0.000000,0.000000)  24  22 28 41 68 75 102 119 128 132 133 182 184 224 260 276 363 365 404 434 460 487 489 492 494
 232 (0.000000,0.000000)  19  12 39 53 61 77 88 135 152 175 177 188 205 214 283 346 371 400 419 449
 233 (0.000000,0.000000)  18  18 51 95 131 137 138 181 230 240 241 251 262 281 355 400 412 434 443
 234 (0.000000,0.000000)  17  36 48 106 108 121 138 162 203 264 312 356 357 360 367 397 410 453
 235 (0.000000,0.000000)  15  14 22 27 79 109 112 127 135 284 339 409 421 470 482 500
 236 (0.000000,0.000000)  11  28 50 122 154 195 353 358 383 462 466 477
 237 (0.000000,0.000000)  26  19 30 74 96 126 147 171 198 204 211 224 225 252 268 285 335 339 340 343 349 354 356 360 385 477 484
 238 (0.000000,0.000000)  18  3 41 67 103 111 122 133 164 207 217 222 274 288 360 362 375 376 459
 239 (0.000000,0.000000)  22  20 29 37 59 144 147 202 246 262 269 273 276 295 314 339 346 352 365 386 390 488 495
 240 (0.000000,0.000000)  17  51 52 69 88 104 108 147 149 150 157 233 329 337 393 394 395 409
 241 (0.000000,0.000000)  26  15 23 30 58 89 110 136 139 174 183 233 294 297 361 370 380 416 417 420 423 431 447 451 457 475 489
 242 (0.000000,0.000000)  14  9 30 41 92 109 121 270 288 306 307 374 378 403 419
 243 (0.000000,0.000000)  19  100 111 114 137 152 160 164 226 285 305 307 321 353 359 374 421 438 453 468
 244 (0.000000,0.000000)  22  11 16 34 57 66 67 81 127 165 176 205 207 227 228 284 306 309 383 385 413 417 453
 245 (0.000000,0.000000)  18  48 113 178 187 196 203 220 230 272 339 353 361 402 429 437 452 462 485
 246 (0.000000,0.000000)  20  26 45 57 104 132 149 161 200 207 209 239 312 313 316 320 343 428 458 459 483
 247 (0.000000,0.000000)  22  43 45 85 93 98 117 156 162 163 182 184 189 192 306 325 326 336 382 417 436 480 500
 248 (0.000000,0.000000)  22  32 37 101 106 117 142 168 200 226 301 320 324 334 361 380 386 411 436 440 444 451 485
 249 (0.000000,0.000000)  18  11 28 44 99 127 137 178 180 189 216 230 298 303 309 430 437 463 486
 250 (0.000000,0.000000)  26  24 37 61 91 95 114 128 132 146 152 157 172 174 176 182 257 258 260 296 302 362 433 435 441 489 497
 251 (0.000000,0.000000)  22  45 55 131 155 171 233 282 310 369 377 379 410 434 435 440 455 456 458 469 477 487 492
 252 (0.000000,0.000000)  21  4 20 50 57 111 134 140 146 166 197 237 345 352 368 369 383 399 407 423 446 452
 253 (0.000000,0.000000)  19  4 48 113 119 121 164 182 224 255 268 324 363 408 416 430 449 463 492 500
 254 (0.000000,0.000000)  16  1 46 66 89 116 127 136 183 198 212 311 418 426 440 461 495
 255 (0.000000,0.000000)  21  50 63 84 112 139 148 192 253 271 272 286 333 354 373 393 433 435 454 483 484 494
 256 (0.000000,0.000000)  18  112 113 162 195 219 284 291 295 306 369 374 376 385 426 430 436 440 459
 257 (0.000000,0.000000)  15  55 77 105 173 196 205 250 287 288 294 300 322 330 337 433
 258 (0.000000,0.000000)  16  51 139 167 183 192 215 226 230 250 271 277 284 340 349 458 492
 259 (0.000000,0.000000)  26  16 39 41 42 53 54 65 82 85 89 106 112 153 161 182 228 292 304 342 358 364 384 411 419 421 434
 260 (0.000000,0.000000)  21  41 100 123 128 133 150 156 185 205 214 231 250 280 296 326 333 373 392 395 401 464
 261 (0.000000,0.000000)  21  2 20 24 31 53 67 72 94 141 185 198 206 217 229 265 328 355 396 428 455 488
 262 (0.000000,0.000000)  21  41 75 110 112 114 118 155 189 190 204 213 233 239 334 336 338 339 342 358 471 484
 263 (0.000000,0.000000)  22  12 15 43 62 115 128 164 172 176 199 274 289 306 324 327 335 355 404 448 459 466 490
 264 (0.000000,0.000000)  20  6 89 90 95 99 100 160 199 226 234 266 285 310 317 318 353 407 413 420 427
 265 (0.000000,0.000000)  25  18 49 52 117 138 148 149 206 261 288 301 307 323 332 356 357 401 402 421 427 435 441 446 447 497
 266 (0.000000,0.000000)  15  28 60 74 94 111 118 150 155 160 210 264 276 281 345 449
 267 (0.000000,0.000000)  22  3 37 47 62 70 89 110 134 147 152 161 173 197 202 216 284 342 373 377 409 486 488
 268 (0.000000,0.000000)  21  27 48 82 99 123 141 154 164 188 222 228 237 253 315 334 367 369 380 399 406 449
 269 (0.000000,0.000000)  20  26 69 74 115 140 141 174 187 239 321 342 348 352 371 385 411 431 454 479 483
 270 (0.000000,0.000000)  19  20 29 61 113 114 169 180 182 242 276 299 328 363 393 407 433 442 447 449
 271 (0.000000,0.000000)  19  20 22 41 79 82 109 118 255 258 292 297 321 364 400 432 466 471 476 491
 272 (0.000000,0.000000)  21  24 37 42 58 76 82 119 142 168 221 245 255 325 329 349 350 375 376 390 405 498
 273 (0.000000,0.000000)  19  8 101 137 147 167 171 195 239 277 288 298 310 319 343 354 370 421 429 474
 274 (0.000000,0.000000)  23  7 14 59 92 123 124 178 186 200 201 238 263 286 299 308 324 342 353 359 361 432 442 484
 275 (0.000000,0.000000)  21  26 35 38 39 50 61 64 78 88 110 125 158 210 230 284 309 327 359 396 442 488
 276 (0.000000,0.000000)  24  10 80 99 116 165 175 188 209 212 216 231 239 266 270 286 299 310 329 336 368 379 399 412 466
 277 (0.000000,0.000000)  21  96 103 127 133 135 136 140 145 148 167 181 258 273 301 354 365 373 391 397 402 425
 278 (0.000000,0.000000)  15  30 37 74 140 155 156 174 207 216 287 289 332 339 340 365
 279 (0.000000,0.000000)  21  41 70 82 106 127 173 180 203 208 209 226 311 314 320 354 360 385 400 465 474 490
 280 (0.000000,0.000000)  20  11 74 84 87 104 110 147 148 182 202 208 260 321 336 370 382 428 447 448 491
 281 (0.000000,0.000000)  19  49 70 101 113 166 174 181 206 210 226 233 266 283 310 343 357 414 476 493
 282 (0.000000,0.000000)  20  5 14 45 61 118 135 172 182 188 202 212 251 296 303 304 333 429 439 440 458
 283 (0.000000,0.000000)  25  35 60 73 114 143 172 186 212 221 232 281 290 309 319 340 357 364 377 392 422 427 429 430 433 470
 284 (0.000000,0.000000)  26  12 38 44 49 103 135 164 169 189 202 221 223 235 244 256 258 267 275 317 320 362 379 418 462 466 470
 285 (0.000000,0.000000)  24  14 20 41 42 65 99 103 127 156 162 183 237 243 264 306 307 314 324 333 339 346 371 380 469
 286 (0.000000,0.000000)  19  16 81 83 95 99 140 151 167 211 255 274 276 287 363 395 406 423 476 490
 287 (0.000000,0.000000)  25  47 56 59 95 115 125 169 181 184 216 257 278 286 317 347 351 370 397 402 425 431 463 464 467 491
 288 (0.000000,0.000000)  18  58 62 70 74 95 129 183 238 242 257 265 273 321 348 362 402 407 438
 289 (0.000000,0.000000)  22  6 38 78 111 122 138 141 142 143 165 212 263 278 310 332 333 361 362 369 387 397 484
 290 (0.000000,0.000000)  16  23 45 70 105 148 160 172 189 283 321 343 354 405 406 458 459
 291 (0.000000,0.000000)  19  5 65 87 104 117 134 204 212 256 331 358 376 401 424 449 482 491 495 498
 292 (0.000000,0.000000)  19  18 58 63 64 109 123 125 167 259 271 340 356 357 421 427 463 467 480 495
 293 (0.000000,0.000000)  17  28 38 94 99 156 175 183 190 303 321 324 325 328 386 394 439 463
 294 (0.000000,0.000000)  21  15 20 55 72 95 101 170 174 183 204 211 229 241 257 303 377 406 433 448 472 489
 295 (0.000000,0.000000)  26  9 25 74 166 176 182 192 201 202 239 256 315 339 341 349 359 372 389 396 399 401 403 406 427 433 495
 296 (0.000000,0.000000)  20  14 17 58 75 100 105 108 117 121 151 172 201 250 260 282 314 340 383 435 493
 297 (0.000000,0.000000)  19  21 46 127 149 192 206 221 227 230 241 271 307 343 359 417 441 442 453 483
 298 (0.000000,0.000000)  22  4 21 56 91 101 119 126 157 161 207 249 273 329 360 369 384 403 413 420 422 428 433
 299 (0.000000,0.000000)  18  87 113 132 148 156 157 171 198 206 208 215 219 270 274 276 305 389 433
 300 (0.000000,0.000000)  23  22 64 98 101 110 136 144 152 161 172 222 257 326 331 354 377 411 421 433 438 440 448 480
 301 (0.000000,0.000000)  20  22 99 104 153 169 221 248 265 277 309 320 340 343 375 405 417 447 448 453 472
 302 (0.000000,0.000000)  23  15 17 86 88 124 156 199 204 212 219 227 250 303 318 368 382 385 386 407 423 426 428 466
 303 (0.000000,0.000000)  22  15 38 102 105 112 120 149 165 188 230 249 282 293 294 302 340 362 370 381 385 447 450
 304 (0.000000,0.000000)  17  11 54 67 112 148 158 226 259 282 318 325 337 338 354 388 405 410
 305 (0.000000,0.000000)  21  27 66 74 81 88 124 174 177 204 215 243 299 315 337 347 364 394 428 458 469 485
 306 (0.000000,0.000000)  31  7 45 57 58 86 93 125 134 162 201 205 242 244 247 256 263 285 315 338 377 392 412 413 418 422 438 440 463 465 474 475
 307 (0.000000,0.000000)  26  37 62 83 136 151 153 173 174 191 209 220 242 243 265 285 297 331 337 349 358 363 391 392 409 481 487
 308 (0.000000,0.000000)  13  13 43 69 77 164 191 274 309 334 363 393 427 431
 309 (0.000000,0.000000)  25  27 32 67 72 127 141 148 149 183 210 218 244 249 275 283 301 308 339 350 391 419 422 440 468 476
 310 (0.000000,0.000000)  28  7 20 32 108 110 137 142 144 189 223 228 251 264 273 276 281 289 316 317 328 339 401 409 411 453 460 467 486
 311 (0.000000,0.000000)  22  1 81 87 116 127 129 133 138 142 148 191 192 196 214 254 279 375 406 430 455 469 488
 312 (0.000000,0.000000)  20  25 26 73 126 153 199 222 234 246 321 330 332 375 377 402 416 435 436 440 487
 313 (0.000000,0.000000)  17  26 116 160 166 185 208 215 227 246 320 331 333 385 395 432 441 485
 314 (0.000000,0.000000)  25  9 53 55 86 95 128 133 156 179 239 279 285 296 343 348 379 414 417 419 421 423 431 460 480 500
 315 (0.000000,0.000000)  25  5 10 36 42 63 96 114 133 140 157 210 223 268 295 305 306 319 331 366 395 417 486 489 497 500
 316 (0.000000,0.000000)  26  49 65 86 91 96 108 109 138 147 171 174 188 197 203 216 230 246 310 383 390 393 416 420 465 470 472
 317 (0.000000,0.000000)  19  37 121 149 161 184 201 264 284 287 310 353 355 367 380 415 426 449 468 489
 318 (0.000000,0.000000)  14  3 15 84 92 104 264 302 304 351 364 368 420 469 471
 319 (0.000000,0.000000)  17  106 118 126 130 180 189 273 283 315 339 411 418 430 446 482 484 494
 320 (0.000000,0.000000)  19  56 68 81 83 134 191 246 248 279 284 301 313 321 363 394 398 418 434 472
 321 (0.000000,0.000000)  19  26 104 119 204 243 269 271 280 288 290 293 312 320 330 364 391 400 439 444
 322 (0.000000,0.000000)   7  9 19 151 229 257 386 387
 323 (0.000000,0.000000)  15  20 58 138 159 162 180 219 265 327 345 379 393 451 464 498
 324 (0.000000,0.000000)  26  24 31 46 49 53 59 84 88 136 147 180 207 213 248 253 263 274 285 293 348 359 362 366 410 456 459
 325 (0.000000,0.000000)  26  2 9 21 26 36 96 106 112 132 140 152 161 194 229 247 272 293 304 346 371 372 394 397 399 418 464
 326 (0.000000,0.000000)  21  22 46 103 122 131 138 247 260 300 334 339 375 378 380 423 427 459 467 470 472 500
 327 (0.000000,0.000000)  20  16 50 80 100 130 135 185 190 263 275 323 330 332 371 379 385 417 421 450 496
 328 (0.000000,0.000000)  31  1 7 19 51 65 78 81 85 100 118 126 141 145 152 181 187 201 216 261 270 293 310 360 371 389 398 400 412 451 463 498
 329 (0.000000,0.000000)  23  5 41 82 104 124 138 141 240 272 276 298 353 355 358 375 404 417 418 425 428 468 492 495
 330 (0.000000,0.000000)  17  9 50 95 130 141 189 230 257 312 321 327 385 430 444 454 480 489
 331 (0.000000,0.000000)  18  4 36 77 114 209 219 221 224 291 300 307 313 315 333 385 424 429 458
 332 (0.000000,0.000000)  19  5 20 54 58 99 137 171 172 187 224 265 278 289 312 327 352 422 455 468
 333 (0.000000,0.000000)  30  12 19 53 75 86 94 138 154 161 171 181 189 194 199 201 255 260 282 285 289 313 331 334 341 382 415 435 439 440 479
 334 (0.000000,0.000000)  21  9 34 73 95 104 105 161 186 199 248 262 268 308 326 333 371 378 384 391 396 447
 335 (0.000000,0.000000)  20  5 9 30 37 46 56 102 112 117 126 181 237 263 349 380 383 384 395 404 459
 336 (0.000000,0.000000)  17  11 15 22 33 97 101 109 152 160 247 262 276 280 370 439 450 498
 337 (0.000000,0.000000)  26  21 32 101 138 151 176 199 201 212 240 257 304 305 307 346 353 386 396 401 416 442 445 465 480 481 485
 338 (0.000000,0.000000)  19  17 30 54 55 75 215 220 262 304 306 345 376 378 400 415 428 431 455 480
 339 (0.000000,0.000000)  28  25 55 64 82 103 155 162 195 208 224 235 237 239 245 262 278 285 295 309 310 319 326 344 348 351 378 395 421
 340 (0.000000,0.000000)  22  28 55 65 87 154 181 212 221 237 258 278 283 292 296 301 303 341 391 410 437 445 463
 341 (0.000000,0.000000)  16  50 58 64 114 119 138 198 204 295 333 340 358 383 422 470 488
 342 (0.000000,0.000000)  22  12 24 47 48 65 164 180 185 187 200 206 259 262 267 269 274 390 437 468 477 487 492
 343 (0.000000,0.000000)  21  23 71 93 102 108 109 120 133 141 202 237 246 273 281 290 297 301 314 374 380 418
 344 (0.000000,0.000000)  20  4 66 89 112 119 129 131 149 153 163 173 202 219 224 339 412 417 437 486 494
 345 (0.000000,0.000000)  19  5 10 19 63 75 138 144 162 230 252 266 323 338 349 353 386 441 486 492
 346 (0.000000,0.000000)  22  7 11 29 37 100 112 146 154 177 214 232 239 285 325 337 364 369 377 395 404 483 498
 347 (0.000000,0.000000)  24  18 34 37 40 41 43 66 114 122 130 132 151 179 209 287 305 380 396 417 428 432 438 443 478
 348 (0.000000,0.000000)  19  49 82 86 101 126 166 186 216 225 269 288 314 324 339 379 392 422 435 487
 349 (0.000000,0.000000)  31  20 36 48 62 68 103 107 125 127 128 164 187 229 237 258 272 295 307 335 345 361 375 379 380 388 391 395 438 454 462 468
 350 (0.000000,0.000000)  20  28 35 44 48 99 128 146 149 198 213 272 309 351 354 359 396 401 425 438 484
 351 (0.000000,0.000000)  17  31 43 79 106 124 158 223 287 318 339 350 363 395 432 438 446 497
 352 (0.000000,0.000000)  17  1 31 163 165 199 239 252 269 332 367 370 379 388 430 434 448 449
 353 (0.000000,0.000000)  24  29 60 81 135 144 175 187 217 228 236 243 245 264 274 317 329 337 345 355 373 442 446 473 497
 354 (0.000000,0.000000)  23  8 48 56 118 177 188 237 255 273 277 279 290 300 304 350 384 402 414 437 447 456 473 474
 355 (0.000000,0.000000)  15  85 118 192 219 223 233 261 263 317 329 353 361 378 408 427
 356 (0.000000,0.000000)  25  20 25 49 59 61 103 125 184 197 234 237 265 292 362 363 367 375 377 381 383 398 412 436 472 483
 357 (0.000000,0.000000)  17  47 54 68 73 102 105 119 189 199 234 265 281 283 292 372 408 488
 358 (0.000000,0.000000)  29  11 79 93 99 105 110 112 114 132 152 155 166 204 217 236 259 262 291 307 329 341 380 389 395 410 424 462 464 465
 359 (0.000000,0.000000)  23  12 21 36 61 66 95 112 153 165 210 243 274 275 295 297 324 350 383 384 396 397 465 500
 360 (0.000000,0.000000)  20  41 64 71 130 153 192 199 219 234 237 238 279 298 328 406 417 435 451 457 464
 361 (0.000000,0.000000)  31  29 37 38 48 69 90 110 111 119 123 137 139 159 163 193 224 241 245 248 274 289 349 355 365 390 396 408 412 420 425 473
 362 (0.000000,0.000000)  24  77 145 155 189 194 208 238 250 284 288 289 303 324 356 373 392 395 400 404 424 428 460 474 479
 363 (0.000000,0.000000)  23  20 33 35 68 96 104 126 131 133 140 143 206 229 231 253 270 286 307 308 320 351 356 482
 364 (0.000000,0.000000)  20  16 30 77 99 114 144 146 178 220 230 259 271 283 305 318 321 346 403 463 475
 365 (0.000000,0.000000)  20  15 22 106 110 128 162 170 222 231 239 277 278 361 374 392 394 411 423 454 489
 366 (0.000000,0.000000)  16  10 29 32 42 54 64 65 101 136 315 324 386 419 459 470 484
 367 (0.000000,0.000000)  20  10 16 56 93 106 113 151 167 208 212 229 234 268 317 352 356 369 383 402 490
 368 (0.000000,0.000000)  18  3 11 14 22 40 47 68 97 124 252 276 302 318 387 404 434 479 498
 369 (0.000000,0.000000)  25  7 21 69 82 93 102 124 129 175 207 211 220 251 252 256 268 289 298 346 367 385 388 422 464 491
 370 (0.000000,0.000000)  20  28 36 136 182 199 200 241 273 280 287 303 336 352 371 383 414 437 438 482 493
 371 (0.000000,0.000000)  20  17 74 121 154 226 232 269 285 325 327 328 334 370 377 431 437 459 473 475 478
 372 (0.000000,0.000000)  18  4 16 39 53 76 85 92 109 169 180 295 325 357 415 432 463 483 487
 373 (0.000000,0.000000)  26  29 50 52 56 57 65 92 98 121 168 203 208 213 216 255 260 267 277 353 362 383 420 440 453 479 484
 374 (0.000000,0.000000)  23  3 4 8 9 11 16 33 51 105 125 133 156 161 178 222 242 243 256 343 365 408 447 473
 375 (0.000000,0.000000)  20  12 30 42 59 91 101 117 122 206 238 272 301 311 312 326 329 349 356 380 457
 376 (0.000000,0.000000)  21  18 25 53 84 98 107 137 148 162 172 175 177 190 238 256 272 291 338 429 433 488
 377 (0.000000,0.000000)  17  25 34 120 129 161 191 251 267 283 294 300 306 312 346 356 371 415
 378 (0.000000,0.000000)  18  4 65 95 116 133 186 242 326 334 338 339 355 419 433 440 482 487 496
 379 (0.000000,0.000000)  22  36 51 60 69 71 87 164 193 251 276 284 314 323 327 348 349 352 384 410 435 450 498
 380 (0.000000,0.000000)  27  1 15 20 75 106 124 133 173 224 230 241 248 268 285 317 326 335 343 347 349 358 375 384 440 454 495 497
 381 (0.000000,0.000000)  13  66 77 101 143 191 224 226 303 356 444 452 488 496
 382 (0.000000,0.000000)  18  18 51 104 120 132 138 148 172 182 184 192 222 247 280 302 333 421 461
 383 (0.000000,0.000000)  26  7 44 75 76 115 142 154 195 213 236 244 252 296 316 335 341 356 359 367 370 373 402 404 424 428 478
 384 (0.000000,0.000000)  25  2 3 18 42 111 135 148 157 168 176 193 222 259 298 334 335 354 359 379 380 390 445 476 489 500
 385 (0.000000,0.000000)  24  18 22 41 111 125 158 206 237 244 256 269 279 302 303 313 327 330 331 369 392 441 457 464 480
 386 (0.000000,0.000000)  22  2 40 77 79 92 100 101 150 168 172 195 202 239 248 293 302 322 337 345 366 421 424
 387 (0.000000,0.000000)  12  6 43 102 142 154 182 196 289 322 368 453 491
 388 (0.000000,0.000000)  19  36 53 59 99 143 146 177 185 212 304 349 352 369 395 433 436 478 480 495
 389 (0.000000,0.000000)  13  2 25 125 131 149 156 194 204 295 299 328 358 496
 390 (0.000000,0.000000)  18  7 25 72 79 89 131 170 181 185 239 272 316 342 361 384 400 446 454
 391 (0.000000,0.000000)  21  1 27 29 43 61 63 95 129 192 198 277 307 309 321 334 340 349 409 453 481 482
 392 (0.000000,0.000000)  25  36 48 51 67 99 119 156 173 191 192 194 205 224 230 260 283 306 307 348 362 365 385 416 461 476
 393 (0.000000,0.000000)  22  4 18 24 73 169 207 220 222 223 240 255 270 308 316 323 418 434 445 454 455 472 484
 394 (0.000000,0.000000)  18  13 19 49 65 91 102 123 179 183 215 240 293 305 320 325 365 416 469
 395 (0.000000,0.000000)  27  19 81 89 104 116 124 146 148 160 202 203 213 240 260 286 313 315 335 339 346 349 351 358 362 388 418 419
 396 (0.000000,0.000000)  25  3 6 23 59 74 80 112 113 142 182 221 228 261 275 295 334 337 347 350 359 361 465 469 477 492
 397 (0.000000,0.000000)  21  65 71 76 112 156 168 194 195 208 234 277 287 289 325 359 408 431 436 442 464 479
 398 (0.000000,0.000000)  17  40 107 133 157 166 184 205 213 320 328 356 409 418 440 459 464 485
 399 (0.000000,0.000000)  19  40 46 47 90 105 133 148 152 161 188 195 252 268 276 295 325 423 447 448
 400 (0.000000,0.000000)  20  16 34 94 109 165 169 196 197 232 233 271 279 321 328 338 362 390 432 487 494
 401 (0.000000,0.000000)  16  23 132 142 156 164 189 211 260 265 291 295 310 337 350 407 431
 402 (0.000000,0.000000)  20  42 74 89 117 125 150 210 245 265 277 287 288 312 354 367 383 445 459 479 490
 403 (0.000000,0.000000)  21  43 56 65 70 93 122 137 138 140 144 177 195 204 228 242 295 298 364 405 448 455
 404 (0.000000,0.000000)  22  12 20 39 49 64 130 132 147 156 158 161 231 263 329 335 346 362 368 383 423 466 470
 405 (0.000000,0.000000)  18  14 19 53 54 84 142 183 272 290 301 304 403 414 418 427 446 463 487
 406 (0.000000,0.000000)  22  8 32 55 70 78 95 97 107 115 118 145 150 193 268 286 290 294 295 311 360 421 443
 407 (0.000000,0.000000)  14  151 153 168 178 196 224 252 264 270 288 302 401 435 443
 408 (0.000000,0.000000)  16  26 29 32 94 132 135 226 253 355 357 361 374 397 411 476 498
 409 (0.000000,0.000000)  21  13 36 47 80 94 168 178 190 222 229 235 240 267 307 310 391 398 432 457 469 475
 410 (0.000000,0.000000)  24  5 6 50 69 74 107 122 128 138 206 208 234 251 304 324 340 358 379 411 415 423 424 446 498
 411 (0.000000,0.000000)  25  4 15 65 71 90 94 96 98 125 132 147 165 170 173 248 259 269 300 310 319 365 408 410 482 490
 412 (0.000000,0.000000)  18  19 43 65 96 118 148 169 193 233 276 306 328 344 356 361 430 476 493
 413 (0.000000,0.000000)  19  15 33 83 100 115 147 177 183 184 191 204 217 228 244 264 298 306 479 490
 414 (0.000000,0.000000)  17  2 7 23 26 73 102 124 137 147 198 281 314 354 370 405 470 472
 415 (0.000000,0.000000)  13  29 87 149 192 317 333 338 372 377 410 440 448 494
 416 (0.000000,0.000000)  23  26 38 45 113 118 119 187 191 220 221 224 241 253 312 316 337 392 394 424 439 443 444 492
 417 (0.000000,0.000000)  22  34 60 73 94 114 143 184 192 241 244 247 297 301 314 315 327 329 344 347 360 426 481
 418 (0.000000,0.000000)  29  47 86 99 114 117 120 126 158 159 167 254 284 306 319 320 325 329 343 393 395 398 405 424 430 438 451 470 481 490
 419 (0.000000,0.000000)  17  12 22 40 65 84 146 155 220 232 242 259 309 314 366 378 395 462
 420 (0.000000,0.000000)  20  14 39 50 77 96 167 229 241 264 298 316 318 361 373 452 454 458 459 491 500
 421 (0.000000,0.000000)  27  16 32 51 59 63 65 73 93 113 151 171 235 243 259 265 273 292 300 314 327 339 382 386 406 469 477 496
 422 (0.000000,0.000000)  19  72 111 115 166 173 185 197 283 298 306 309 332 341 348 369 436 469 470 496
 423 (0.000000,0.000000)  27  8 28 30 41 47 48 70 80 86 99 158 176 208 218 220 241 252 286 302 314 326 365 399 404 410 443 451
 424 (0.000000,0.000000)  17  49 60 101 121 291 331 358 362 383 386 410 416 418 452 464 484 498
 425 (0.000000,0.000000)  20  13 22 41 43 74 92 97 155 164 187 277 287 329 350 361 434 441 488 493 499
 426 (0.000000,0.000000)  20  9 22 38 90 109 111 122 187 215 228 254 256 302 317 417 429 445 452 461 496
 427 (0.000000,0.000000)  23  6 17 48 69 73 91 154 165 167 181 226 264 265 283 292 295 308 326 355 405 465 479 491
 428 (0.000000,0.000000)  24  26 47 81 116 155 171 184 203 246 261 280 298 302 305 329 338 347 362 383 437 467 480 482 484
 429 (0.000000,0.000000)  22  37 38 43 64 85 91 121 140 175 210 245 273 282 283 331 376 426 437 470 476 488 497
 430 (0.000000,0.000000)  21  24 78 82 94 128 166 209 249 253 256 283 311 319 330 352 412 418 436 447 453 481
 431 (0.000000,0.000000)  18  54 67 123 161 185 224 241 269 287 308 314 338 371 397 401 433 458 476
 432 (0.000000,0.000000)  19  7 80 95 139 154 175 271 274 313 347 351 372 400 409 442 453 460 474 500
 433 (0.000000,0.000000)  22  42 50 123 137 143 189 206 250 255 257 270 283 294 295 298 299 300 376 378 388 431 478
 434 (0.000000,0.000000)  23  21 30 68 103 124 151 162 185 199 203 231 233 251 259 320 352 368 393 425 466 478 481 484
 435 (0.000000,0.000000)  25  2 15 28 37 41 71 113 132 145 160 161 173 221 230 250 251 255 265 296 312 333 348 360 379 407
 436 (0.000000,0.000000)  24  11 12 25 72 85 113 130 135 142 183 190 192 208 247 248 256 312 356 388 397 422 430 472 490
 437 (0.000000,0.000000)  20  61 69 131 135 151 245 249 340 342 344 354 370 371 428 429 445 446 449 459 492
 438 (0.000000,0.000000)  21  18 60 61 87 132 133 135 182 192 193 243 288 300 306 347 349 350 351 370 418 494
 439 (0.000000,0.000000)  11  33 58 160 197 282 293 321 333 336 416 459
 440 (0.000000,0.000000)  24  7 66 85 87 95 105 123 164 222 248 251 254 256 282 300 306 309 312 333 373 378 380 398 415
 441 (0.000000,0.000000)  16  7 50 70 90 129 186 223 250 265 297 313 345 385 425 482 490
 442 (0.000000,0.000000)  16  20 34 52 188 197 202 270 274 275 297 337 353 397 432 460 496
 443 (0.000000,0.000000)  18  7 16 37 73 95 106 138 146 157 233 347 406 407 416 423 448 476 489
 444 (0.000000,0.000000)  17  26 35 37 101 118 124 194 213 225 248 321 330 381 416 467 492 494
 445 (0.000000,0.000000)  17  89 107 131 133 136 197 199 222 337 340 384 393 402 426 437 470 478
 446 (0.000000,0.000000)  21  6 25 73 103 130 136 144 207 213 222 227 252 265 319 351 353 390 405 410 437 467
 447 (0.000000,0.000000)  20  36 65 99 105 161 171 241 265 270 280 301 303 334 354 374 399 430 462 473 486
 448 (0.000000,0.000000)  27  4 10 31 52 77 86 87 133 138 143 145 187 200 263 280 294 300 301 352 399 403 415 443 454 461 471 487
 449 (0.000000,0.000000)  22  13 61 102 106 112 161 177 220 232 253 266 268 270 291 317 352 437 451 452 453 455 500
 450 (0.000000,0.000000)  21  33 47 51 68 71 97 128 129 155 159 183 227 303 327 336 379 461 480 482 484 490
 451 (0.000000,0.000000)  25  6 18 28 34 94 124 131 165 173 205 211 218 241 248 323 328 360 418 423 449 476 478 480 494 495
 452 (0.000000,0.000000)  16  14 17 19 63 122 152 160 245 252 381 420 424 426 449 455 464
 453 (0.000000,0.000000)  24  44 51 54 93 122 133 135 159 162 223 224 234 243 244 297 301 310 373 387 391 430 432 449 497
 454 (0.000000,0.000000)  30  1 13 20 22 38 55 68 103 116 118 120 132 144 160 170 171 227 255 269 330 349 365 380 390 393 420 448 460 468 476
 455 (0.000000,0.000000)  19  3 7 46 131 135 139 182 186 213 251 261 311 332 338 393 403 449 452 464
 456 (0.000000,0.000000)  11  69 82 126 134 196 213 251 324 354 465 472
 457 (0.000000,0.000000)  14  31 60 87 113 142 172 193 202 241 360 375 385 409 490
 458 (0.000000,0.000000)  22  7 33 37 43 54 74 76 78 91 101 146 246 251 258 282 290 305 331 420 431 465 489
 459 (0.000000,0.000000)  26  8 24 54 73 84 121 149 158 161 184 212 238 246 256 263 290 324 326 335 366 371 398 402 420 437 439
 460 (0.000000,0.000000)  13  27 94 142 143 160 176 231 310 314 362 432 442 454
 461 (0.000000,0.000000)  11  69 95 96 127 254 382 392 426 448 450 486
 462 (0.000000,0.000000)  16  11 34 37 54 118 138 142 191 236 245 284 349 358 419 447 465
 463 (0.000000,0.000000)  22  29 77 90 92 185 192 206 224 249 253 287 292 293 306 328 340 364 372 405 472 484 486
 464 (0.000000,0.000000)  25  7 21 53 78 101 111 134 168 213 260 287 323 325 358 360 369 385 397 398 424 452 455 476 482 490
 465 (0.000000,0.000000)  21  8 27 50 143 150 152 157 167 194 279 306 316 337 358 359 396 427 456 458 462 482
 466 (0.000000,0.000000)  21  25 46 52 56 62 67 74 107 117 124 159 207 236 263 271 276 284 302 404 434 492
 467 (0.000000,0.000000)  18  11 13 88 89 99 139 140 153 183 206 287 292 310 326 428 444 446 482
 468 (0.000000,0.000000)  14  4 66 153 166 171 218 243 309 317 329 332 342 349 454
 469 (0.000000,0.000000)  21  4 5 11 88 130 139 143 154 177 183 251 285 305 311 318 394 396 409 421 422 484
 470 (0.000000,0.000000)  22  9 34 118 137 143 152 162 174 179 235 283 284 316 326 341 366 404 414 418 422 429 445
 471 (0.000000,0.000000)  17  7 19 24 44 73 74 81 112 138 181 192 197 262 271 318 448 483
 472 (0.000000,0.000000)  26  8 26 47 55 73 91 113 131 138 143 147 161 183 190 294 301 316 320 326 356 393 414 436 456 463 487
 473 (0.000000,0.000000)  17  52 61 70 71 104 123 156 173 217 353 354 361 371 374 447 476 500
 474 (0.000000,0.000000)  14  7 55 94 129 157 172 181 273 279 306 354 362 432 499
 475 (0.000000,0.000000)  10  64 125 138 210 241 306 364 371 409 490
 476 (0.000000,0.000000)  21  3 94 164 170 184 222 271 281 286 309 384 392 408 412 429 431 443 451 454 464 473
 477 (0.000000,0.000000)  18  12 117 130 142 145 153 172 175 183 188 196 236 237 251 342 396 421 488
 478 (0.000000,0.000000)  22  4 7 30 58 75 122 144 150 151 181 186 200 202 347 371 383 388 433 434 445 451 487
 479 (0.000000,0.000000)  22  21 41 52 76 83 120 161 169 189 196 198 199 203 269 333 362 368 373 397 402 413 427
 480 (0.000000,0.000000)  22  10 47 100 101 106 140 200 216 247 292 300 314 330 337 338 385 388 428 450 451 482 486
 481 (0.000000,0.000000)  20  25 59 64 122 129 132 150 183 188 191 216 307 337 391 417 418 430 434 487 489
 482 (0.000000,0.000000)  27  6 8 21 36 91 140 159 168 197 219 235 291 319 363 370 378 391 411 428 441 450 464 465 467 480 487 499
 483 (0.000000,0.000000)  14  71 108 116 176 220 228 246 255 269 297 346 356 372 471
 484 (0.000000,0.000000)  26  47 109 114 122 130 148 173 211 216 237 255 262 274 289 319 350 366 373 393 424 428 434 450 463 469 494
 485 (0.000000,0.000000)  15  31 34 61 90 105 133 141 211 245 248 305 313 337 398 500
 486 (0.000000,0.000000)  16  31 54 81 146 185 249 267 310 315 344 345 447 461 463 480 492
 487 (0.000000,0.000000)  26  5 44 57 64 93 109 143 172 190 207 224 231 251 307 312 342 348 372 378 400 405 448 472 478 481 482
 488 (0.000000,0.000000)  19  63 106 125 163 166 209 239 261 267 275 311 341 357 376 381 425 429 477 494
 489 (0.000000,0.000000)  17  44 181 193 216 230 231 241 250 294 315 317 330 365 384 443 458 481
 490 (0.000000,0.000000)  22  12 43 52 59 150 182 191 221 263 279 286 367 402 411 413 418 436 441 450 457 464 475
 491 (0.000000,0.000000)  17  11 38 70 86 109 116 164 183 184 271 280 287 291 369 387 420 427
 492 (0.000000,0.000000)  27  15 41 45 60 92 124 129 130 135 145 156 192 231 251 253 258 329 342 345 396 416 437 444 466 486 498 500
 493 (0.000000,0.000000)  14  3 24 36 47 72 75 76 114 166 281 296 370 412 425
 494 (0.000000,0.000000)  22  8 25 35 55 75 101 104 185 207 225 231 255 319 344 400 415 438 444 451 484 488 498
 495 (0.000000,0.000000)  17  28 40 88 107 128 158 181 190 239 254 291 292 295 329 380 388 451
 496 (0.000000,0.000000)  19  87 123 128 136 157 158 177 185 193 206 221 327 378 381 389 421 422 426 442
 497 (0.000000,0.000000)  19  12 51 52 81 99 158 162 180 206 211 214 250 265 315 351 353 380 429 453
 498 (0.000000,0.000000)  21  5 113 118 131 155 157 175 199 272 291 323 328 336 346 368 379 408 410 424 492 494
 499 (0.000000,0.000000)  17  11 39 62 71 83 135 167 169 171 191 193 195 203 218 425 474 482
 500 (0.000000,0.000000)  23  22 33 44 52 61 100 171 175 223 235 247 253 314 315 326 359 384 420 432 449 473 485 492
