942 (0.000000,0.000000) 1 527 
527 (0.000000,0.000000) 8 942 616 827 740 962 287 440 356 
616 (0.000000,0.000000) 1 527 
827 (0.000000,0.000000) 1 527 
740 (0.000000,0.000000) 1 527 
962 (0.000000,0.000000) 1 527 
287 (0.000000,0.000000) 1 527 
440 (0.000000,0.000000) 1 527 
356 (0.000000,0.000000) 8 527 175 344 140 498 697 152 192 
175 (0.000000,0.000000) 1 356 
344 (0.000000,0.000000) 1 356 
140 (0.000000,0.000000) 1 356 
498 (0.000000,0.000000) 1 356 
697 (0.000000,0.000000) 1 356 
152 (0.000000,0.000000) 1 356 
192 (0.000000,0.000000) 8 356 212 335 861 963 957 146 883 
212 (0.000000,0.000000) 1 192 
335 (0.000000,0.000000) 1 192 
861 (0.000000,0.000000) 1 192 
963 (0.000000,0.000000) 1 192 
957 (0.000000,0.000000) 1 192 
146 (0.000000,0.000000) 1 192 
883 (0.000000,0.000000) 8 192 889 12 22 210 500 751 900 
889 (0.000000,0.000000) 1 883 
12 (0.000000,0.000000) 1 883 
22 (0.000000,0.000000) 1 883 
210 (0.000000,0.000000) 1 883 
500 (0.000000,0.000000) 1 883 
751 (0.000000,0.000000) 1 883 
900 (0.000000,0.000000) 8 883 489 360 374 53 135 62 734 
489 (0.000000,0.000000) 1 900 
360 (0.000000,0.000000) 1 900 
374 (0.000000,0.000000) 1 900 
53 (0.000000,0.000000) 1 900 
135 (0.000000,0.000000) 1 900 
62 (0.000000,0.000000) 1 900 
734 (0.000000,0.000000) 8 900 141 501 809 315 564 948 532 
141 (0.000000,0.000000) 1 734 
501 (0.000000,0.000000) 1 734 
809 (0.000000,0.000000) 1 734 
315 (0.000000,0.000000) 1 734 
564 (0.000000,0.000000) 1 734 
948 (0.000000,0.000000) 1 734 
532 (0.000000,0.000000) 8 734 980 47 724 912 381 252 822 
980 (0.000000,0.000000) 1 532 
47 (0.000000,0.000000) 1 532 
724 (0.000000,0.000000) 1 532 
912 (0.000000,0.000000) 1 532 
381 (0.000000,0.000000) 1 532 
252 (0.000000,0.000000) 1 532 
822 (0.000000,0.000000) 8 532 5 117 373 613 128 394 823 
5 (0.000000,0.000000) 1 822 
117 (0.000000,0.000000) 1 822 
373 (0.000000,0.000000) 1 822 
613 (0.000000,0.000000) 1 822 
128 (0.000000,0.000000) 1 822 
394 (0.000000,0.000000) 1 822 
823 (0.000000,0.000000) 8 822 348 92 390 836 452 764 608 
348 (0.000000,0.000000) 1 823 
92 (0.000000,0.000000) 1 823 
390 (0.000000,0.000000) 1 823 
836 (0.000000,0.000000) 1 823 
452 (0.000000,0.000000) 1 823 
764 (0.000000,0.000000) 1 823 
608 (0.000000,0.000000) 8 823 306 545 289 166 765 46 201 
306 (0.000000,0.000000) 1 608 
545 (0.000000,0.000000) 1 608 
289 (0.000000,0.000000) 1 608 
166 (0.000000,0.000000) 1 608 
765 (0.000000,0.000000) 1 608 
46 (0.000000,0.000000) 1 608 
201 (0.000000,0.000000) 8 608 1049 713 732 696 760 403 555 
1049 (0.000000,0.000000) 1 201 
713 (0.000000,0.000000) 1 201 
732 (0.000000,0.000000) 1 201 
696 (0.000000,0.000000) 1 201 
760 (0.000000,0.000000) 1 201 
403 (0.000000,0.000000) 1 201 
555 (0.000000,0.000000) 8 201 860 325 585 491 417 145 618 
860 (0.000000,0.000000) 1 555 
325 (0.000000,0.000000) 1 555 
585 (0.000000,0.000000) 1 555 
491 (0.000000,0.000000) 1 555 
417 (0.000000,0.000000) 1 555 
145 (0.000000,0.000000) 1 555 
618 (0.000000,0.000000) 8 555 810 687 965 622 25 469 793 
810 (0.000000,0.000000) 1 618 
687 (0.000000,0.000000) 1 618 
965 (0.000000,0.000000) 1 618 
622 (0.000000,0.000000) 1 618 
25 (0.000000,0.000000) 1 618 
469 (0.000000,0.000000) 1 618 
793 (0.000000,0.000000) 8 618 788 24 818 1052 313 983 484 
788 (0.000000,0.000000) 1 793 
24 (0.000000,0.000000) 1 793 
818 (0.000000,0.000000) 1 793 
1052 (0.000000,0.000000) 1 793 
313 (0.000000,0.000000) 1 793 
983 (0.000000,0.000000) 1 793 
484 (0.000000,0.000000) 8 793 78 903 480 790 583 124 217 
78 (0.000000,0.000000) 1 484 
903 (0.000000,0.000000) 1 484 
480 (0.000000,0.000000) 1 484 
790 (0.000000,0.000000) 1 484 
583 (0.000000,0.000000) 1 484 
124 (0.000000,0.000000) 1 484 
217 (0.000000,0.000000) 8 484 705 678 797 27 722 329 517 
705 (0.000000,0.000000) 1 217 
678 (0.000000,0.000000) 1 217 
797 (0.000000,0.000000) 1 217 
27 (0.000000,0.000000) 1 217 
722 (0.000000,0.000000) 1 217 
329 (0.000000,0.000000) 1 217 
517 (0.000000,0.000000) 8 217 86 473 854 108 767 904 183 
86 (0.000000,0.000000) 1 517 
473 (0.000000,0.000000) 1 517 
854 (0.000000,0.000000) 1 517 
108 (0.000000,0.000000) 1 517 
767 (0.000000,0.000000) 1 517 
904 (0.000000,0.000000) 1 517 
183 (0.000000,0.000000) 8 517 359 978 182 358 1010 884 841 
359 (0.000000,0.000000) 1 183 
978 (0.000000,0.000000) 1 183 
182 (0.000000,0.000000) 1 183 
358 (0.000000,0.000000) 1 183 
1010 (0.000000,0.000000) 1 183 
884 (0.000000,0.000000) 1 183 
841 (0.000000,0.000000) 8 183 35 735 1041 265 112 481 689 
35 (0.000000,0.000000) 1 841 
735 (0.000000,0.000000) 1 841 
1041 (0.000000,0.000000) 1 841 
265 (0.000000,0.000000) 1 841 
112 (0.000000,0.000000) 1 841 
481 (0.000000,0.000000) 1 841 
689 (0.000000,0.000000) 8 841 509 225 715 951 553 179 1036 
509 (0.000000,0.000000) 1 689 
225 (0.000000,0.000000) 1 689 
715 (0.000000,0.000000) 1 689 
951 (0.000000,0.000000) 1 689 
553 (0.000000,0.000000) 1 689 
179 (0.000000,0.000000) 1 689 
1036 (0.000000,0.000000) 8 689 746 1033 319 573 467 223 144 
746 (0.000000,0.000000) 1 1036 
1033 (0.000000,0.000000) 1 1036 
319 (0.000000,0.000000) 1 1036 
573 (0.000000,0.000000) 1 1036 
467 (0.000000,0.000000) 1 1036 
223 (0.000000,0.000000) 1 1036 
144 (0.000000,0.000000) 8 1036 369 639 502 294 540 859 372 
369 (0.000000,0.000000) 1 144 
639 (0.000000,0.000000) 1 144 
502 (0.000000,0.000000) 1 144 
294 (0.000000,0.000000) 1 144 
540 (0.000000,0.000000) 1 144 
859 (0.000000,0.000000) 1 144 
372 (0.000000,0.000000) 8 144 367 6 54 355 270 38 186 
367 (0.000000,0.000000) 1 372 
6 (0.000000,0.000000) 1 372 
54 (0.000000,0.000000) 1 372 
355 (0.000000,0.000000) 1 372 
270 (0.000000,0.000000) 1 372 
38 (0.000000,0.000000) 1 372 
186 (0.000000,0.000000) 8 372 726 695 389 593 196 296 661 
726 (0.000000,0.000000) 1 186 
695 (0.000000,0.000000) 1 186 
389 (0.000000,0.000000) 1 186 
593 (0.000000,0.000000) 1 186 
196 (0.000000,0.000000) 1 186 
296 (0.000000,0.000000) 1 186 
661 (0.000000,0.000000) 8 186 1039 953 173 277 44 261 916 
1039 (0.000000,0.000000) 1 661 
953 (0.000000,0.000000) 1 661 
173 (0.000000,0.000000) 1 661 
277 (0.000000,0.000000) 1 661 
44 (0.000000,0.000000) 1 661 
261 (0.000000,0.000000) 1 661 
916 (0.000000,0.000000) 8 661 123 71 526 494 157 251 267 
123 (0.000000,0.000000) 1 916 
71 (0.000000,0.000000) 1 916 
526 (0.000000,0.000000) 1 916 
494 (0.000000,0.000000) 1 916 
157 (0.000000,0.000000) 1 916 
251 (0.000000,0.000000) 1 916 
267 (0.000000,0.000000) 8 916 512 521 304 991 750 831 633 
512 (0.000000,0.000000) 1 267 
521 (0.000000,0.000000) 1 267 
304 (0.000000,0.000000) 1 267 
991 (0.000000,0.000000) 1 267 
750 (0.000000,0.000000) 1 267 
831 (0.000000,0.000000) 1 267 
633 (0.000000,0.000000) 8 267 858 91 548 387 156 851 441 
858 (0.000000,0.000000) 1 633 
91 (0.000000,0.000000) 1 633 
548 (0.000000,0.000000) 1 633 
387 (0.000000,0.000000) 1 633 
156 (0.000000,0.000000) 1 633 
851 (0.000000,0.000000) 1 633 
441 (0.000000,0.000000) 8 633 828 1023 717 591 1004 300 855 
828 (0.000000,0.000000) 1 441 
1023 (0.000000,0.000000) 1 441 
717 (0.000000,0.000000) 1 441 
591 (0.000000,0.000000) 1 441 
1004 (0.000000,0.000000) 1 441 
300 (0.000000,0.000000) 1 441 
855 (0.000000,0.000000) 8 441 226 423 925 30 721 961 926 
226 (0.000000,0.000000) 1 855 
423 (0.000000,0.000000) 1 855 
925 (0.000000,0.000000) 1 855 
30 (0.000000,0.000000) 1 855 
721 (0.000000,0.000000) 1 855 
961 (0.000000,0.000000) 1 855 
926 (0.000000,0.000000) 8 855 677 899 623 176 428 266 1027 
677 (0.000000,0.000000) 1 926 
899 (0.000000,0.000000) 1 926 
623 (0.000000,0.000000) 1 926 
176 (0.000000,0.000000) 1 926 
428 (0.000000,0.000000) 1 926 
266 (0.000000,0.000000) 1 926 
1027 (0.000000,0.000000) 8 926 240 812 780 477 731 776 791 
240 (0.000000,0.000000) 1 1027 
812 (0.000000,0.000000) 1 1027 
780 (0.000000,0.000000) 1 1027 
477 (0.000000,0.000000) 1 1027 
731 (0.000000,0.000000) 1 1027 
776 (0.000000,0.000000) 1 1027 
791 (0.000000,0.000000) 8 1027 676 664 94 782 413 815 352 
676 (0.000000,0.000000) 1 791 
664 (0.000000,0.000000) 1 791 
94 (0.000000,0.000000) 1 791 
782 (0.000000,0.000000) 1 791 
413 (0.000000,0.000000) 1 791 
815 (0.000000,0.000000) 1 791 
352 (0.000000,0.000000) 8 791 393 723 789 570 848 964 178 
393 (0.000000,0.000000) 1 352 
723 (0.000000,0.000000) 1 352 
789 (0.000000,0.000000) 1 352 
570 (0.000000,0.000000) 1 352 
848 (0.000000,0.000000) 1 352 
964 (0.000000,0.000000) 1 352 
178 (0.000000,0.000000) 8 352 462 549 219 309 719 785 155 
462 (0.000000,0.000000) 1 178 
549 (0.000000,0.000000) 1 178 
219 (0.000000,0.000000) 1 178 
309 (0.000000,0.000000) 1 178 
719 (0.000000,0.000000) 1 178 
785 (0.000000,0.000000) 1 178 
155 (0.000000,0.000000) 8 178 228 945 276 886 595 408 648 
228 (0.000000,0.000000) 1 155 
945 (0.000000,0.000000) 1 155 
276 (0.000000,0.000000) 1 155 
886 (0.000000,0.000000) 1 155 
595 (0.000000,0.000000) 1 155 
408 (0.000000,0.000000) 1 155 
648 (0.000000,0.000000) 8 155 946 800 39 118 257 168 324 
946 (0.000000,0.000000) 1 648 
800 (0.000000,0.000000) 1 648 
39 (0.000000,0.000000) 1 648 
118 (0.000000,0.000000) 1 648 
257 (0.000000,0.000000) 1 648 
168 (0.000000,0.000000) 1 648 
324 (0.000000,0.000000) 8 648 908 345 14 37 614 607 256 
908 (0.000000,0.000000) 1 324 
345 (0.000000,0.000000) 1 324 
14 (0.000000,0.000000) 1 324 
37 (0.000000,0.000000) 1 324 
614 (0.000000,0.000000) 1 324 
607 (0.000000,0.000000) 1 324 
256 (0.000000,0.000000) 8 324 922 694 419 321 31 414 104 
922 (0.000000,0.000000) 1 256 
694 (0.000000,0.000000) 1 256 
419 (0.000000,0.000000) 1 256 
321 (0.000000,0.000000) 1 256 
31 (0.000000,0.000000) 1 256 
414 (0.000000,0.000000) 1 256 
104 (0.000000,0.000000) 8 256 1008 434 471 901 954 229 739 
1008 (0.000000,0.000000) 1 104 
434 (0.000000,0.000000) 1 104 
471 (0.000000,0.000000) 1 104 
901 (0.000000,0.000000) 1 104 
954 (0.000000,0.000000) 1 104 
229 (0.000000,0.000000) 1 104 
739 (0.000000,0.000000) 8 104 158 556 651 45 879 110 263 
158 (0.000000,0.000000) 1 739 
556 (0.000000,0.000000) 1 739 
651 (0.000000,0.000000) 1 739 
45 (0.000000,0.000000) 1 739 
879 (0.000000,0.000000) 1 739 
110 (0.000000,0.000000) 1 739 
263 (0.000000,0.000000) 8 739 939 238 312 431 931 405 569 
939 (0.000000,0.000000) 1 263 
238 (0.000000,0.000000) 1 263 
312 (0.000000,0.000000) 1 263 
431 (0.000000,0.000000) 1 263 
931 (0.000000,0.000000) 1 263 
405 (0.000000,0.000000) 1 263 
569 (0.000000,0.000000) 8 263 445 599 625 534 779 691 103 
445 (0.000000,0.000000) 1 569 
599 (0.000000,0.000000) 1 569 
625 (0.000000,0.000000) 1 569 
534 (0.000000,0.000000) 1 569 
779 (0.000000,0.000000) 1 569 
691 (0.000000,0.000000) 1 569 
103 (0.000000,0.000000) 8 569 400 920 159 1022 385 150 582 
400 (0.000000,0.000000) 1 103 
920 (0.000000,0.000000) 1 103 
159 (0.000000,0.000000) 1 103 
1022 (0.000000,0.000000) 1 103 
385 (0.000000,0.000000) 1 103 
150 (0.000000,0.000000) 1 103 
582 (0.000000,0.000000) 8 103 647 592 188 338 482 906 420 
647 (0.000000,0.000000) 1 582 
592 (0.000000,0.000000) 1 582 
188 (0.000000,0.000000) 1 582 
338 (0.000000,0.000000) 1 582 
482 (0.000000,0.000000) 1 582 
906 (0.000000,0.000000) 1 582 
420 (0.000000,0.000000) 8 582 234 998 199 243 301 642 1012 
234 (0.000000,0.000000) 1 420 
998 (0.000000,0.000000) 1 420 
199 (0.000000,0.000000) 1 420 
243 (0.000000,0.000000) 1 420 
301 (0.000000,0.000000) 1 420 
642 (0.000000,0.000000) 1 420 
1012 (0.000000,0.000000) 8 420 918 382 1020 958 72 718 559 
918 (0.000000,0.000000) 1 1012 
382 (0.000000,0.000000) 1 1012 
1020 (0.000000,0.000000) 1 1012 
958 (0.000000,0.000000) 1 1012 
72 (0.000000,0.000000) 1 1012 
718 (0.000000,0.000000) 1 1012 
559 (0.000000,0.000000) 8 1012 269 990 896 684 749 586 921 
269 (0.000000,0.000000) 1 559 
990 (0.000000,0.000000) 1 559 
896 (0.000000,0.000000) 1 559 
684 (0.000000,0.000000) 1 559 
749 (0.000000,0.000000) 1 559 
586 (0.000000,0.000000) 1 559 
921 (0.000000,0.000000) 8 559 820 488 221 627 987 988 272 
820 (0.000000,0.000000) 1 921 
488 (0.000000,0.000000) 1 921 
221 (0.000000,0.000000) 1 921 
627 (0.000000,0.000000) 1 921 
987 (0.000000,0.000000) 1 921 
988 (0.000000,0.000000) 1 921 
272 (0.000000,0.000000) 8 921 796 654 483 198 444 554 1025 
796 (0.000000,0.000000) 1 272 
654 (0.000000,0.000000) 1 272 
483 (0.000000,0.000000) 1 272 
198 (0.000000,0.000000) 1 272 
444 (0.000000,0.000000) 1 272 
554 (0.000000,0.000000) 1 272 
1025 (0.000000,0.000000) 8 272 816 60 322 207 938 956 354 
816 (0.000000,0.000000) 1 1025 
60 (0.000000,0.000000) 1 1025 
322 (0.000000,0.000000) 1 1025 
207 (0.000000,0.000000) 1 1025 
938 (0.000000,0.000000) 1 1025 
956 (0.000000,0.000000) 1 1025 
354 (0.000000,0.000000) 8 1025 209 171 994 748 658 326 969 
209 (0.000000,0.000000) 1 354 
171 (0.000000,0.000000) 1 354 
994 (0.000000,0.000000) 1 354 
748 (0.000000,0.000000) 1 354 
658 (0.000000,0.000000) 1 354 
326 (0.000000,0.000000) 1 354 
969 (0.000000,0.000000) 8 354 292 672 999 327 619 874 944 
292 (0.000000,0.000000) 1 969 
672 (0.000000,0.000000) 1 969 
999 (0.000000,0.000000) 1 969 
327 (0.000000,0.000000) 1 969 
619 (0.000000,0.000000) 1 969 
874 (0.000000,0.000000) 1 969 
944 (0.000000,0.000000) 8 969 817 165 28 568 70 284 1007 
817 (0.000000,0.000000) 1 944 
165 (0.000000,0.000000) 1 944 
28 (0.000000,0.000000) 1 944 
568 (0.000000,0.000000) 1 944 
70 (0.000000,0.000000) 1 944 
284 (0.000000,0.000000) 1 944 
1007 (0.000000,0.000000) 8 944 984 888 295 804 752 1013 200 
984 (0.000000,0.000000) 1 1007 
888 (0.000000,0.000000) 1 1007 
295 (0.000000,0.000000) 1 1007 
804 (0.000000,0.000000) 1 1007 
752 (0.000000,0.000000) 1 1007 
1013 (0.000000,0.000000) 1 1007 
200 (0.000000,0.000000) 8 1007 598 21 64 286 653 572 33 
598 (0.000000,0.000000) 1 200 
21 (0.000000,0.000000) 1 200 
64 (0.000000,0.000000) 1 200 
286 (0.000000,0.000000) 1 200 
653 (0.000000,0.000000) 1 200 
572 (0.000000,0.000000) 1 200 
33 (0.000000,0.000000) 8 200 755 102 783 714 774 856 575 
755 (0.000000,0.000000) 1 33 
102 (0.000000,0.000000) 1 33 
783 (0.000000,0.000000) 1 33 
714 (0.000000,0.000000) 1 33 
774 (0.000000,0.000000) 1 33 
856 (0.000000,0.000000) 1 33 
575 (0.000000,0.000000) 8 33 825 754 839 631 154 830 453 
825 (0.000000,0.000000) 1 575 
754 (0.000000,0.000000) 1 575 
839 (0.000000,0.000000) 1 575 
631 (0.000000,0.000000) 1 575 
154 (0.000000,0.000000) 1 575 
830 (0.000000,0.000000) 1 575 
453 (0.000000,0.000000) 8 575 571 833 236 433 907 334 710 
571 (0.000000,0.000000) 1 453 
833 (0.000000,0.000000) 1 453 
236 (0.000000,0.000000) 1 453 
433 (0.000000,0.000000) 1 453 
907 (0.000000,0.000000) 1 453 
334 (0.000000,0.000000) 1 453 
710 (0.000000,0.000000) 8 453 357 425 205 18 8 590 552 
357 (0.000000,0.000000) 1 710 
425 (0.000000,0.000000) 1 710 
205 (0.000000,0.000000) 1 710 
18 (0.000000,0.000000) 1 710 
8 (0.000000,0.000000) 1 710 
590 (0.000000,0.000000) 1 710 
552 (0.000000,0.000000) 8 710 914 339 316 525 531 404 576 
914 (0.000000,0.000000) 1 552 
339 (0.000000,0.000000) 1 552 
316 (0.000000,0.000000) 1 552 
525 (0.000000,0.000000) 1 552 
531 (0.000000,0.000000) 1 552 
404 (0.000000,0.000000) 1 552 
576 (0.000000,0.000000) 8 552 1014 537 402 758 446 495 629 
1014 (0.000000,0.000000) 1 576 
537 (0.000000,0.000000) 1 576 
402 (0.000000,0.000000) 1 576 
758 (0.000000,0.000000) 1 576 
446 (0.000000,0.000000) 1 576 
495 (0.000000,0.000000) 1 576 
629 (0.000000,0.000000) 8 576 725 189 370 505 894 398 113 
725 (0.000000,0.000000) 1 629 
189 (0.000000,0.000000) 1 629 
370 (0.000000,0.000000) 1 629 
505 (0.000000,0.000000) 1 629 
894 (0.000000,0.000000) 1 629 
398 (0.000000,0.000000) 1 629 
113 (0.000000,0.000000) 8 629 105 561 680 242 351 778 898 
105 (0.000000,0.000000) 1 113 
561 (0.000000,0.000000) 1 113 
680 (0.000000,0.000000) 1 113 
242 (0.000000,0.000000) 1 113 
351 (0.000000,0.000000) 1 113 
778 (0.000000,0.000000) 1 113 
898 (0.000000,0.000000) 8 113 936 247 222 1 116 840 878 
936 (0.000000,0.000000) 1 898 
247 (0.000000,0.000000) 1 898 
222 (0.000000,0.000000) 1 898 
1 (0.000000,0.000000) 1 898 
116 (0.000000,0.000000) 1 898 
840 (0.000000,0.000000) 1 898 
878 (0.000000,0.000000) 8 898 290 50 167 728 506 652 415 
290 (0.000000,0.000000) 1 878 
50 (0.000000,0.000000) 1 878 
167 (0.000000,0.000000) 1 878 
728 (0.000000,0.000000) 1 878 
506 (0.000000,0.000000) 1 878 
652 (0.000000,0.000000) 1 878 
415 (0.000000,0.000000) 8 878 701 535 667 476 995 279 76 
701 (0.000000,0.000000) 1 415 
535 (0.000000,0.000000) 1 415 
667 (0.000000,0.000000) 1 415 
476 (0.000000,0.000000) 1 415 
995 (0.000000,0.000000) 1 415 
279 (0.000000,0.000000) 1 415 
76 (0.000000,0.000000) 8 415 66 75 997 342 475 917 250 
66 (0.000000,0.000000) 1 76 
75 (0.000000,0.000000) 1 76 
997 (0.000000,0.000000) 1 76 
342 (0.000000,0.000000) 1 76 
475 (0.000000,0.000000) 1 76 
917 (0.000000,0.000000) 1 76 
250 (0.000000,0.000000) 8 76 285 504 280 979 950 170 249 
285 (0.000000,0.000000) 1 250 
504 (0.000000,0.000000) 1 250 
280 (0.000000,0.000000) 1 250 
979 (0.000000,0.000000) 1 250 
950 (0.000000,0.000000) 1 250 
170 (0.000000,0.000000) 1 250 
249 (0.000000,0.000000) 8 250 470 90 801 89 429 864 972 
470 (0.000000,0.000000) 1 249 
90 (0.000000,0.000000) 1 249 
801 (0.000000,0.000000) 1 249 
89 (0.000000,0.000000) 1 249 
429 (0.000000,0.000000) 1 249 
864 (0.000000,0.000000) 1 249 
972 (0.000000,0.000000) 8 249 1021 952 588 866 738 542 232 
1021 (0.000000,0.000000) 1 972 
952 (0.000000,0.000000) 1 972 
588 (0.000000,0.000000) 1 972 
866 (0.000000,0.000000) 1 972 
738 (0.000000,0.000000) 1 972 
542 (0.000000,0.000000) 1 972 
232 (0.000000,0.000000) 8 972 127 814 742 271 79 1050 264 
127 (0.000000,0.000000) 1 232 
814 (0.000000,0.000000) 1 232 
742 (0.000000,0.000000) 1 232 
271 (0.000000,0.000000) 1 232 
79 (0.000000,0.000000) 1 232 
1050 (0.000000,0.000000) 1 232 
264 (0.000000,0.000000) 8 232 762 310 49 602 136 115 58 
762 (0.000000,0.000000) 1 264 
310 (0.000000,0.000000) 1 264 
49 (0.000000,0.000000) 1 264 
602 (0.000000,0.000000) 1 264 
136 (0.000000,0.000000) 1 264 
115 (0.000000,0.000000) 1 264 
58 (0.000000,0.000000) 8 264 852 293 375 215 137 57 485 
852 (0.000000,0.000000) 1 58 
293 (0.000000,0.000000) 1 58 
375 (0.000000,0.000000) 1 58 
215 (0.000000,0.000000) 1 58 
137 (0.000000,0.000000) 1 58 
57 (0.000000,0.000000) 1 58 
485 (0.000000,0.000000) 8 58 1040 283 7 769 194 288 220 
1040 (0.000000,0.000000) 1 485 
283 (0.000000,0.000000) 1 485 
7 (0.000000,0.000000) 1 485 
769 (0.000000,0.000000) 1 485 
194 (0.000000,0.000000) 1 485 
288 (0.000000,0.000000) 1 485 
220 (0.000000,0.000000) 8 485 892 1006 23 959 233 275 650 
892 (0.000000,0.000000) 1 220 
1006 (0.000000,0.000000) 1 220 
23 (0.000000,0.000000) 1 220 
959 (0.000000,0.000000) 1 220 
233 (0.000000,0.000000) 1 220 
275 (0.000000,0.000000) 1 220 
650 (0.000000,0.000000) 8 220 412 786 468 773 479 460 448 
412 (0.000000,0.000000) 1 650 
786 (0.000000,0.000000) 1 650 
468 (0.000000,0.000000) 1 650 
773 (0.000000,0.000000) 1 650 
479 (0.000000,0.000000) 1 650 
460 (0.000000,0.000000) 1 650 
448 (0.000000,0.000000) 8 650 935 727 712 392 1043 298 744 
935 (0.000000,0.000000) 1 448 
727 (0.000000,0.000000) 1 448 
712 (0.000000,0.000000) 1 448 
392 (0.000000,0.000000) 1 448 
1043 (0.000000,0.000000) 1 448 
298 (0.000000,0.000000) 1 448 
744 (0.000000,0.000000) 8 448 835 1035 61 195 237 846 386 
835 (0.000000,0.000000) 1 744 
1035 (0.000000,0.000000) 1 744 
61 (0.000000,0.000000) 1 744 
195 (0.000000,0.000000) 1 744 
237 (0.000000,0.000000) 1 744 
846 (0.000000,0.000000) 1 744 
386 (0.000000,0.000000) 8 744 847 932 418 729 850 992 65 
847 (0.000000,0.000000) 1 386 
932 (0.000000,0.000000) 1 386 
418 (0.000000,0.000000) 1 386 
729 (0.000000,0.000000) 1 386 
850 (0.000000,0.000000) 1 386 
992 (0.000000,0.000000) 1 386 
65 (0.000000,0.000000) 8 386 456 669 974 474 331 450 245 
456 (0.000000,0.000000) 1 65 
669 (0.000000,0.000000) 1 65 
974 (0.000000,0.000000) 1 65 
474 (0.000000,0.000000) 1 65 
331 (0.000000,0.000000) 1 65 
450 (0.000000,0.000000) 1 65 
245 (0.000000,0.000000) 8 65 231 663 499 887 937 539 1042 
231 (0.000000,0.000000) 1 245 
663 (0.000000,0.000000) 1 245 
499 (0.000000,0.000000) 1 245 
887 (0.000000,0.000000) 1 245 
937 (0.000000,0.000000) 1 245 
539 (0.000000,0.000000) 1 245 
1042 (0.000000,0.000000) 8 245 515 100 454 915 507 766 161 
515 (0.000000,0.000000) 1 1042 
100 (0.000000,0.000000) 1 1042 
454 (0.000000,0.000000) 1 1042 
915 (0.000000,0.000000) 1 1042 
507 (0.000000,0.000000) 1 1042 
766 (0.000000,0.000000) 1 1042 
161 (0.000000,0.000000) 8 1042 395 129 363 26 981 241 609 
395 (0.000000,0.000000) 1 161 
129 (0.000000,0.000000) 1 161 
363 (0.000000,0.000000) 1 161 
26 (0.000000,0.000000) 1 161 
981 (0.000000,0.000000) 1 161 
241 (0.000000,0.000000) 1 161 
609 (0.000000,0.000000) 8 161 700 844 397 626 422 455 636 
700 (0.000000,0.000000) 1 609 
844 (0.000000,0.000000) 1 609 
397 (0.000000,0.000000) 1 609 
626 (0.000000,0.000000) 1 609 
422 (0.000000,0.000000) 1 609 
455 (0.000000,0.000000) 1 609 
636 (0.000000,0.000000) 8 609 842 770 131 934 297 857 341 
842 (0.000000,0.000000) 1 636 
770 (0.000000,0.000000) 1 636 
131 (0.000000,0.000000) 1 636 
934 (0.000000,0.000000) 1 636 
297 (0.000000,0.000000) 1 636 
857 (0.000000,0.000000) 1 636 
341 (0.000000,0.000000) 8 636 197 692 733 36 362 299 924 
197 (0.000000,0.000000) 1 341 
692 (0.000000,0.000000) 1 341 
733 (0.000000,0.000000) 1 341 
36 (0.000000,0.000000) 1 341 
362 (0.000000,0.000000) 1 341 
299 (0.000000,0.000000) 1 341 
924 (0.000000,0.000000) 8 341 1026 876 699 803 645 819 203 
1026 (0.000000,0.000000) 1 924 
876 (0.000000,0.000000) 1 924 
699 (0.000000,0.000000) 1 924 
803 (0.000000,0.000000) 1 924 
645 (0.000000,0.000000) 1 924 
819 (0.000000,0.000000) 1 924 
203 (0.000000,0.000000) 8 924 1044 56 253 933 976 409 913 
1044 (0.000000,0.000000) 1 203 
56 (0.000000,0.000000) 1 203 
253 (0.000000,0.000000) 1 203 
933 (0.000000,0.000000) 1 203 
976 (0.000000,0.000000) 1 203 
409 (0.000000,0.000000) 1 203 
913 (0.000000,0.000000) 8 203 657 180 837 759 206 262 514 
657 (0.000000,0.000000) 1 913 
180 (0.000000,0.000000) 1 913 
837 (0.000000,0.000000) 1 913 
759 (0.000000,0.000000) 1 913 
206 (0.000000,0.000000) 1 913 
262 (0.000000,0.000000) 1 913 
514 (0.000000,0.000000) 8 913 172 709 143 4 258 544 208 
172 (0.000000,0.000000) 1 514 
709 (0.000000,0.000000) 1 514 
143 (0.000000,0.000000) 1 514 
4 (0.000000,0.000000) 1 514 
258 (0.000000,0.000000) 1 514 
544 (0.000000,0.000000) 1 514 
208 (0.000000,0.000000) 8 514 164 528 989 612 826 149 399 
164 (0.000000,0.000000) 1 208 
528 (0.000000,0.000000) 1 208 
989 (0.000000,0.000000) 1 208 
612 (0.000000,0.000000) 1 208 
826 (0.000000,0.000000) 1 208 
149 (0.000000,0.000000) 1 208 
399 (0.000000,0.000000) 8 208 311 122 578 305 513 353 947 
311 (0.000000,0.000000) 1 399 
122 (0.000000,0.000000) 1 399 
578 (0.000000,0.000000) 1 399 
305 (0.000000,0.000000) 1 399 
513 (0.000000,0.000000) 1 399 
353 (0.000000,0.000000) 1 399 
947 (0.000000,0.000000) 8 399 741 227 885 364 119 314 107 
741 (0.000000,0.000000) 1 947 
227 (0.000000,0.000000) 1 947 
885 (0.000000,0.000000) 1 947 
364 (0.000000,0.000000) 1 947 
119 (0.000000,0.000000) 1 947 
314 (0.000000,0.000000) 1 947 
107 (0.000000,0.000000) 8 947 34 624 611 911 125 867 955 
34 (0.000000,0.000000) 1 107 
624 (0.000000,0.000000) 1 107 
611 (0.000000,0.000000) 1 107 
911 (0.000000,0.000000) 1 107 
125 (0.000000,0.000000) 1 107 
867 (0.000000,0.000000) 1 107 
955 (0.000000,0.000000) 8 107 768 80 711 383 340 610 148 
768 (0.000000,0.000000) 1 955 
80 (0.000000,0.000000) 1 955 
711 (0.000000,0.000000) 1 955 
383 (0.000000,0.000000) 1 955 
340 (0.000000,0.000000) 1 955 
610 (0.000000,0.000000) 1 955 
148 (0.000000,0.000000) 8 955 121 795 278 863 1011 93 1029 
121 (0.000000,0.000000) 1 148 
795 (0.000000,0.000000) 1 148 
278 (0.000000,0.000000) 1 148 
863 (0.000000,0.000000) 1 148 
1011 (0.000000,0.000000) 1 148 
93 (0.000000,0.000000) 1 148 
1029 (0.000000,0.000000) 8 148 577 260 601 757 643 877 720 
577 (0.000000,0.000000) 1 1029 
260 (0.000000,0.000000) 1 1029 
601 (0.000000,0.000000) 1 1029 
757 (0.000000,0.000000) 1 1029 
643 (0.000000,0.000000) 1 1029 
877 (0.000000,0.000000) 1 1029 
720 (0.000000,0.000000) 8 1029 882 557 458 869 565 690 493 
882 (0.000000,0.000000) 1 720 
557 (0.000000,0.000000) 1 720 
458 (0.000000,0.000000) 1 720 
869 (0.000000,0.000000) 1 720 
565 (0.000000,0.000000) 1 720 
690 (0.000000,0.000000) 1 720 
493 (0.000000,0.000000) 8 720 584 637 74 682 777 1047 98 
584 (0.000000,0.000000) 1 493 
637 (0.000000,0.000000) 1 493 
74 (0.000000,0.000000) 1 493 
682 (0.000000,0.000000) 1 493 
777 (0.000000,0.000000) 1 493 
1047 (0.000000,0.000000) 1 493 
98 (0.000000,0.000000) 8 493 787 581 747 524 13 457 268 
787 (0.000000,0.000000) 1 98 
581 (0.000000,0.000000) 1 98 
747 (0.000000,0.000000) 1 98 
524 (0.000000,0.000000) 1 98 
13 (0.000000,0.000000) 1 98 
457 (0.000000,0.000000) 1 98 
268 (0.000000,0.000000) 8 98 486 589 594 254 1048 772 466 
486 (0.000000,0.000000) 1 268 
589 (0.000000,0.000000) 1 268 
594 (0.000000,0.000000) 1 268 
254 (0.000000,0.000000) 1 268 
1048 (0.000000,0.000000) 1 268 
772 (0.000000,0.000000) 1 268 
466 (0.000000,0.000000) 8 268 702 255 406 211 538 416 560 
702 (0.000000,0.000000) 1 466 
255 (0.000000,0.000000) 1 466 
406 (0.000000,0.000000) 1 466 
211 (0.000000,0.000000) 1 466 
538 (0.000000,0.000000) 1 466 
416 (0.000000,0.000000) 1 466 
560 (0.000000,0.000000) 8 466 792 781 328 43 617 153 185 
792 (0.000000,0.000000) 1 560 
781 (0.000000,0.000000) 1 560 
328 (0.000000,0.000000) 1 560 
43 (0.000000,0.000000) 1 560 
617 (0.000000,0.000000) 1 560 
153 (0.000000,0.000000) 1 560 
185 (0.000000,0.000000) 8 560 516 606 967 520 336 126 943 
516 (0.000000,0.000000) 1 185 
606 (0.000000,0.000000) 1 185 
967 (0.000000,0.000000) 1 185 
520 (0.000000,0.000000) 1 185 
336 (0.000000,0.000000) 1 185 
126 (0.000000,0.000000) 1 185 
943 (0.000000,0.000000) 8 185 99 443 666 193 224 865 478 
99 (0.000000,0.000000) 1 943 
443 (0.000000,0.000000) 1 943 
666 (0.000000,0.000000) 1 943 
193 (0.000000,0.000000) 1 943 
224 (0.000000,0.000000) 1 943 
865 (0.000000,0.000000) 1 943 
478 (0.000000,0.000000) 8 943 533 368 736 17 620 323 824 
533 (0.000000,0.000000) 1 478 
368 (0.000000,0.000000) 1 478 
736 (0.000000,0.000000) 1 478 
17 (0.000000,0.000000) 1 478 
620 (0.000000,0.000000) 1 478 
323 (0.000000,0.000000) 1 478 
824 (0.000000,0.000000) 8 478 546 465 529 133 282 681 649 
546 (0.000000,0.000000) 1 824 
465 (0.000000,0.000000) 1 824 
529 (0.000000,0.000000) 1 824 
133 (0.000000,0.000000) 1 824 
282 (0.000000,0.000000) 1 824 
681 (0.000000,0.000000) 1 824 
649 (0.000000,0.000000) 8 824 377 41 960 214 730 1015 541 
377 (0.000000,0.000000) 1 649 
41 (0.000000,0.000000) 1 649 
960 (0.000000,0.000000) 1 649 
214 (0.000000,0.000000) 1 649 
730 (0.000000,0.000000) 1 649 
1015 (0.000000,0.000000) 1 649 
541 (0.000000,0.000000) 8 649 1038 621 977 378 388 15 905 
1038 (0.000000,0.000000) 1 541 
621 (0.000000,0.000000) 1 541 
977 (0.000000,0.000000) 1 541 
378 (0.000000,0.000000) 1 541 
388 (0.000000,0.000000) 1 541 
15 (0.000000,0.000000) 1 541 
905 (0.000000,0.000000) 8 541 1009 332 213 244 996 181 147 
1009 (0.000000,0.000000) 1 905 
332 (0.000000,0.000000) 1 905 
213 (0.000000,0.000000) 1 905 
244 (0.000000,0.000000) 1 905 
996 (0.000000,0.000000) 1 905 
181 (0.000000,0.000000) 1 905 
147 (0.000000,0.000000) 8 905 930 875 518 463 566 993 88 
930 (0.000000,0.000000) 1 147 
875 (0.000000,0.000000) 1 147 
518 (0.000000,0.000000) 1 147 
463 (0.000000,0.000000) 1 147 
566 (0.000000,0.000000) 1 147 
993 (0.000000,0.000000) 1 147 
88 (0.000000,0.000000) 8 147 596 644 550 109 303 802 897 
596 (0.000000,0.000000) 1 88 
644 (0.000000,0.000000) 1 88 
550 (0.000000,0.000000) 1 88 
109 (0.000000,0.000000) 1 88 
303 (0.000000,0.000000) 1 88 
802 (0.000000,0.000000) 1 88 
897 (0.000000,0.000000) 8 88 543 291 880 775 968 11 813 
543 (0.000000,0.000000) 1 897 
291 (0.000000,0.000000) 1 897 
880 (0.000000,0.000000) 1 897 
775 (0.000000,0.000000) 1 897 
968 (0.000000,0.000000) 1 897 
11 (0.000000,0.000000) 1 897 
813 (0.000000,0.000000) 8 897 1034 447 685 868 51 862 1018 
1034 (0.000000,0.000000) 1 813 
447 (0.000000,0.000000) 1 813 
685 (0.000000,0.000000) 1 813 
868 (0.000000,0.000000) 1 813 
51 (0.000000,0.000000) 1 813 
862 (0.000000,0.000000) 1 813 
1018 (0.000000,0.000000) 8 813 1028 365 940 190 1005 410 673 
1028 (0.000000,0.000000) 1 1018 
365 (0.000000,0.000000) 1 1018 
940 (0.000000,0.000000) 1 1018 
190 (0.000000,0.000000) 1 1018 
1005 (0.000000,0.000000) 1 1018 
410 (0.000000,0.000000) 1 1018 
673 (0.000000,0.000000) 8 1018 384 42 982 891 737 216 308 
384 (0.000000,0.000000) 1 673 
42 (0.000000,0.000000) 1 673 
982 (0.000000,0.000000) 1 673 
891 (0.000000,0.000000) 1 673 
737 (0.000000,0.000000) 1 673 
216 (0.000000,0.000000) 1 673 
308 (0.000000,0.000000) 8 673 832 55 437 162 421 845 120 
832 (0.000000,0.000000) 1 308 
55 (0.000000,0.000000) 1 308 
437 (0.000000,0.000000) 1 308 
162 (0.000000,0.000000) 1 308 
421 (0.000000,0.000000) 1 308 
845 (0.000000,0.000000) 1 308 
120 (0.000000,0.000000) 8 308 671 829 966 317 333 693 67 
671 (0.000000,0.000000) 1 120 
829 (0.000000,0.000000) 1 120 
966 (0.000000,0.000000) 1 120 
317 (0.000000,0.000000) 1 120 
333 (0.000000,0.000000) 1 120 
693 (0.000000,0.000000) 1 120 
67 (0.000000,0.000000) 8 120 567 3 704 873 343 834 973 
567 (0.000000,0.000000) 1 67 
3 (0.000000,0.000000) 1 67 
704 (0.000000,0.000000) 1 67 
873 (0.000000,0.000000) 1 67 
343 (0.000000,0.000000) 1 67 
834 (0.000000,0.000000) 1 67 
973 (0.000000,0.000000) 8 67 2 688 743 134 872 48 281 
2 (0.000000,0.000000) 1 973 
688 (0.000000,0.000000) 1 973 
743 (0.000000,0.000000) 1 973 
134 (0.000000,0.000000) 1 973 
872 (0.000000,0.000000) 1 973 
48 (0.000000,0.000000) 1 973 
281 (0.000000,0.000000) 8 973 821 799 615 562 761 928 330 
821 (0.000000,0.000000) 1 281 
799 (0.000000,0.000000) 1 281 
615 (0.000000,0.000000) 1 281 
562 (0.000000,0.000000) 1 281 
761 (0.000000,0.000000) 1 281 
928 (0.000000,0.000000) 1 281 
330 (0.000000,0.000000) 8 281 177 432 975 587 523 635 169 
177 (0.000000,0.000000) 1 330 
432 (0.000000,0.000000) 1 330 
975 (0.000000,0.000000) 1 330 
587 (0.000000,0.000000) 1 330 
523 (0.000000,0.000000) 1 330 
635 (0.000000,0.000000) 1 330 
169 (0.000000,0.000000) 8 330 302 603 371 401 430 130 235 
302 (0.000000,0.000000) 1 169 
603 (0.000000,0.000000) 1 169 
371 (0.000000,0.000000) 1 169 
401 (0.000000,0.000000) 1 169 
430 (0.000000,0.000000) 1 169 
130 (0.000000,0.000000) 1 169 
235 (0.000000,0.000000) 8 169 843 808 449 52 496 902 971 
843 (0.000000,0.000000) 1 235 
808 (0.000000,0.000000) 1 235 
449 (0.000000,0.000000) 1 235 
52 (0.000000,0.000000) 1 235 
496 (0.000000,0.000000) 1 235 
902 (0.000000,0.000000) 1 235 
971 (0.000000,0.000000) 8 235 142 985 580 320 487 597 662 
142 (0.000000,0.000000) 1 971 
985 (0.000000,0.000000) 1 971 
580 (0.000000,0.000000) 1 971 
320 (0.000000,0.000000) 1 971 
487 (0.000000,0.000000) 1 971 
597 (0.000000,0.000000) 1 971 
662 (0.000000,0.000000) 8 971 923 871 83 510 893 1046 407 
923 (0.000000,0.000000) 1 662 
871 (0.000000,0.000000) 1 662 
83 (0.000000,0.000000) 1 662 
510 (0.000000,0.000000) 1 662 
893 (0.000000,0.000000) 1 662 
1046 (0.000000,0.000000) 1 662 
407 (0.000000,0.000000) 8 662 811 771 439 96 706 551 1000 
811 (0.000000,0.000000) 1 407 
771 (0.000000,0.000000) 1 407 
439 (0.000000,0.000000) 1 407 
96 (0.000000,0.000000) 1 407 
706 (0.000000,0.000000) 1 407 
551 (0.000000,0.000000) 1 407 
1000 (0.000000,0.000000) 8 407 605 32 20 246 218 69 73 
605 (0.000000,0.000000) 1 1000 
32 (0.000000,0.000000) 1 1000 
20 (0.000000,0.000000) 1 1000 
246 (0.000000,0.000000) 1 1000 
218 (0.000000,0.000000) 1 1000 
69 (0.000000,0.000000) 1 1000 
73 (0.000000,0.000000) 8 1000 890 68 703 630 10 574 1003 
890 (0.000000,0.000000) 1 73 
68 (0.000000,0.000000) 1 73 
703 (0.000000,0.000000) 1 73 
630 (0.000000,0.000000) 1 73 
10 (0.000000,0.000000) 1 73 
574 (0.000000,0.000000) 1 73 
1003 (0.000000,0.000000) 8 73 910 492 853 184 84 522 239 
910 (0.000000,0.000000) 1 1003 
492 (0.000000,0.000000) 1 1003 
853 (0.000000,0.000000) 1 1003 
184 (0.000000,0.000000) 1 1003 
84 (0.000000,0.000000) 1 1003 
522 (0.000000,0.000000) 1 1003 
239 (0.000000,0.000000) 8 1003 29 274 665 273 1051 163 919 
29 (0.000000,0.000000) 1 239 
274 (0.000000,0.000000) 1 239 
665 (0.000000,0.000000) 1 239 
273 (0.000000,0.000000) 1 239 
1051 (0.000000,0.000000) 1 239 
163 (0.000000,0.000000) 1 239 
919 (0.000000,0.000000) 8 239 380 659 191 106 763 361 391 
380 (0.000000,0.000000) 1 919 
659 (0.000000,0.000000) 1 919 
191 (0.000000,0.000000) 1 919 
106 (0.000000,0.000000) 1 919 
763 (0.000000,0.000000) 1 919 
361 (0.000000,0.000000) 1 919 
391 (0.000000,0.000000) 8 919 307 881 707 97 350 346 579 
307 (0.000000,0.000000) 1 391 
881 (0.000000,0.000000) 1 391 
707 (0.000000,0.000000) 1 391 
97 (0.000000,0.000000) 1 391 
350 (0.000000,0.000000) 1 391 
346 (0.000000,0.000000) 1 391 
579 (0.000000,0.000000) 8 391 442 1030 1032 1031 632 1001 1037 
442 (0.000000,0.000000) 1 579 
1030 (0.000000,0.000000) 1 579 
1032 (0.000000,0.000000) 1 579 
1031 (0.000000,0.000000) 1 579 
632 (0.000000,0.000000) 1 579 
1001 (0.000000,0.000000) 1 579 
1037 (0.000000,0.000000) 8 579 655 424 461 784 139 794 111 
655 (0.000000,0.000000) 1 1037 
424 (0.000000,0.000000) 1 1037 
461 (0.000000,0.000000) 1 1037 
784 (0.000000,0.000000) 1 1037 
139 (0.000000,0.000000) 1 1037 
794 (0.000000,0.000000) 1 1037 
111 (0.000000,0.000000) 8 1037 547 318 1016 909 1017 337 970 
547 (0.000000,0.000000) 1 111 
318 (0.000000,0.000000) 1 111 
1016 (0.000000,0.000000) 1 111 
909 (0.000000,0.000000) 1 111 
1017 (0.000000,0.000000) 1 111 
337 (0.000000,0.000000) 1 111 
970 (0.000000,0.000000) 8 111 604 379 674 600 490 675 259 
604 (0.000000,0.000000) 1 970 
379 (0.000000,0.000000) 1 970 
674 (0.000000,0.000000) 1 970 
600 (0.000000,0.000000) 1 970 
490 (0.000000,0.000000) 1 970 
675 (0.000000,0.000000) 1 970 
259 (0.000000,0.000000) 8 970 426 986 798 745 436 698 85 
426 (0.000000,0.000000) 1 259 
986 (0.000000,0.000000) 1 259 
798 (0.000000,0.000000) 1 259 
745 (0.000000,0.000000) 1 259 
436 (0.000000,0.000000) 1 259 
698 (0.000000,0.000000) 1 259 
85 (0.000000,0.000000) 8 259 679 87 59 366 77 558 756 
679 (0.000000,0.000000) 1 85 
87 (0.000000,0.000000) 1 85 
59 (0.000000,0.000000) 1 85 
366 (0.000000,0.000000) 1 85 
77 (0.000000,0.000000) 1 85 
558 (0.000000,0.000000) 1 85 
756 (0.000000,0.000000) 8 85 686 838 202 138 849 427 16 
686 (0.000000,0.000000) 1 756 
838 (0.000000,0.000000) 1 756 
202 (0.000000,0.000000) 1 756 
138 (0.000000,0.000000) 1 756 
849 (0.000000,0.000000) 1 756 
427 (0.000000,0.000000) 1 756 
16 (0.000000,0.000000) 8 756 95 530 716 656 1019 349 640 
95 (0.000000,0.000000) 1 16 
530 (0.000000,0.000000) 1 16 
716 (0.000000,0.000000) 1 16 
656 (0.000000,0.000000) 1 16 
1019 (0.000000,0.000000) 1 16 
349 (0.000000,0.000000) 1 16 
640 (0.000000,0.000000) 8 16 927 187 929 63 807 1002 230 
927 (0.000000,0.000000) 1 640 
187 (0.000000,0.000000) 1 640 
929 (0.000000,0.000000) 1 640 
63 (0.000000,0.000000) 1 640 
807 (0.000000,0.000000) 1 640 
1002 (0.000000,0.000000) 1 640 
230 (0.000000,0.000000) 8 640 805 101 81 451 870 895 497 
805 (0.000000,0.000000) 1 230 
101 (0.000000,0.000000) 1 230 
81 (0.000000,0.000000) 1 230 
451 (0.000000,0.000000) 1 230 
870 (0.000000,0.000000) 1 230 
895 (0.000000,0.000000) 1 230 
497 (0.000000,0.000000) 8 230 806 660 438 464 511 519 1024 
806 (0.000000,0.000000) 1 497 
660 (0.000000,0.000000) 1 497 
438 (0.000000,0.000000) 1 497 
464 (0.000000,0.000000) 1 497 
511 (0.000000,0.000000) 1 497 
519 (0.000000,0.000000) 1 497 
1024 (0.000000,0.000000) 8 497 1045 347 204 563 641 82 114 
1045 (0.000000,0.000000) 1 1024 
347 (0.000000,0.000000) 1 1024 
204 (0.000000,0.000000) 1 1024 
563 (0.000000,0.000000) 1 1024 
641 (0.000000,0.000000) 1 1024 
82 (0.000000,0.000000) 1 1024 
114 (0.000000,0.000000) 8 1024 459 941 472 151 670 174 19 
459 (0.000000,0.000000) 1 114 
941 (0.000000,0.000000) 1 114 
472 (0.000000,0.000000) 1 114 
151 (0.000000,0.000000) 1 114 
670 (0.000000,0.000000) 1 114 
174 (0.000000,0.000000) 1 114 
19 (0.000000,0.000000) 8 114 376 248 396 949 683 9 508 
376 (0.000000,0.000000) 1 19 
248 (0.000000,0.000000) 1 19 
396 (0.000000,0.000000) 1 19 
949 (0.000000,0.000000) 1 19 
683 (0.000000,0.000000) 1 19 
9 (0.000000,0.000000) 1 19 
508 (0.000000,0.000000) 8 19 708 536 435 638 628 634 411 
708 (0.000000,0.000000) 1 508 
536 (0.000000,0.000000) 1 508 
435 (0.000000,0.000000) 1 508 
638 (0.000000,0.000000) 1 508 
628 (0.000000,0.000000) 1 508 
634 (0.000000,0.000000) 1 508 
411 (0.000000,0.000000) 8 508 160 668 753 646 132 40 503 
160 (0.000000,0.000000) 1 411 
668 (0.000000,0.000000) 1 411 
753 (0.000000,0.000000) 1 411 
646 (0.000000,0.000000) 1 411 
132 (0.000000,0.000000) 1 411 
40 (0.000000,0.000000) 1 411 
503 (0.000000,0.000000) 1 411 
