214 (0.000000,0.000000) 1 145 
145 (0.000000,0.000000) 8 214 416 603 614 472 271 602 404 
416 (0.000000,0.000000) 1 145 
603 (0.000000,0.000000) 1 145 
614 (0.000000,0.000000) 1 145 
472 (0.000000,0.000000) 1 145 
271 (0.000000,0.000000) 1 145 
602 (0.000000,0.000000) 1 145 
404 (0.000000,0.000000) 8 145 563 454 528 84 499 114 290 
563 (0.000000,0.000000) 1 404 
454 (0.000000,0.000000) 1 404 
528 (0.000000,0.000000) 1 404 
84 (0.000000,0.000000) 1 404 
499 (0.000000,0.000000) 1 404 
114 (0.000000,0.000000) 1 404 
290 (0.000000,0.000000) 8 404 494 479 435 393 159 578 155 
494 (0.000000,0.000000) 1 290 
479 (0.000000,0.000000) 1 290 
435 (0.000000,0.000000) 1 290 
393 (0.000000,0.000000) 1 290 
159 (0.000000,0.000000) 1 290 
578 (0.000000,0.000000) 1 290 
155 (0.000000,0.000000) 8 290 557 518 170 324 483 434 465 
557 (0.000000,0.000000) 1 155 
518 (0.000000,0.000000) 1 155 
170 (0.000000,0.000000) 1 155 
324 (0.000000,0.000000) 1 155 
483 (0.000000,0.000000) 1 155 
434 (0.000000,0.000000) 1 155 
465 (0.000000,0.000000) 8 155 334 179 235 490 288 143 389 
334 (0.000000,0.000000) 1 465 
179 (0.000000,0.000000) 1 465 
235 (0.000000,0.000000) 1 465 
490 (0.000000,0.000000) 1 465 
288 (0.000000,0.000000) 1 465 
143 (0.000000,0.000000) 1 465 
389 (0.000000,0.000000) 8 465 329 3 480 154 426 616 267 
329 (0.000000,0.000000) 1 389 
3 (0.000000,0.000000) 1 389 
480 (0.000000,0.000000) 1 389 
154 (0.000000,0.000000) 1 389 
426 (0.000000,0.000000) 1 389 
616 (0.000000,0.000000) 1 389 
267 (0.000000,0.000000) 8 389 14 46 43 86 438 541 301 
14 (0.000000,0.000000) 1 267 
46 (0.000000,0.000000) 1 267 
43 (0.000000,0.000000) 1 267 
86 (0.000000,0.000000) 1 267 
438 (0.000000,0.000000) 1 267 
541 (0.000000,0.000000) 1 267 
301 (0.000000,0.000000) 8 267 231 33 590 203 552 274 314 
231 (0.000000,0.000000) 1 301 
33 (0.000000,0.000000) 1 301 
590 (0.000000,0.000000) 1 301 
203 (0.000000,0.000000) 1 301 
552 (0.000000,0.000000) 1 301 
274 (0.000000,0.000000) 1 301 
314 (0.000000,0.000000) 8 301 160 150 130 32 277 417 514 
160 (0.000000,0.000000) 1 314 
150 (0.000000,0.000000) 1 314 
130 (0.000000,0.000000) 1 314 
32 (0.000000,0.000000) 1 314 
277 (0.000000,0.000000) 1 314 
417 (0.000000,0.000000) 1 314 
514 (0.000000,0.000000) 8 314 303 44 421 537 580 674 102 
303 (0.000000,0.000000) 1 514 
44 (0.000000,0.000000) 1 514 
421 (0.000000,0.000000) 1 514 
537 (0.000000,0.000000) 1 514 
580 (0.000000,0.000000) 1 514 
674 (0.000000,0.000000) 1 514 
102 (0.000000,0.000000) 8 514 593 17 484 316 455 663 617 
593 (0.000000,0.000000) 1 102 
17 (0.000000,0.000000) 1 102 
484 (0.000000,0.000000) 1 102 
316 (0.000000,0.000000) 1 102 
455 (0.000000,0.000000) 1 102 
663 (0.000000,0.000000) 1 102 
617 (0.000000,0.000000) 8 102 323 695 504 368 535 353 534 
323 (0.000000,0.000000) 1 617 
695 (0.000000,0.000000) 1 617 
504 (0.000000,0.000000) 1 617 
368 (0.000000,0.000000) 1 617 
535 (0.000000,0.000000) 1 617 
353 (0.000000,0.000000) 1 617 
534 (0.000000,0.000000) 8 617 107 305 331 256 702 149 513 
107 (0.000000,0.000000) 1 534 
305 (0.000000,0.000000) 1 534 
331 (0.000000,0.000000) 1 534 
256 (0.000000,0.000000) 1 534 
702 (0.000000,0.000000) 1 534 
149 (0.000000,0.000000) 1 534 
513 (0.000000,0.000000) 8 534 110 532 530 366 183 502 105 
110 (0.000000,0.000000) 1 513 
532 (0.000000,0.000000) 1 513 
530 (0.000000,0.000000) 1 513 
366 (0.000000,0.000000) 1 513 
183 (0.000000,0.000000) 1 513 
502 (0.000000,0.000000) 1 513 
105 (0.000000,0.000000) 8 513 413 227 27 610 187 643 230 
413 (0.000000,0.000000) 1 105 
227 (0.000000,0.000000) 1 105 
27 (0.000000,0.000000) 1 105 
610 (0.000000,0.000000) 1 105 
187 (0.000000,0.000000) 1 105 
643 (0.000000,0.000000) 1 105 
230 (0.000000,0.000000) 8 105 82 236 12 407 458 37 35 
82 (0.000000,0.000000) 1 230 
236 (0.000000,0.000000) 1 230 
12 (0.000000,0.000000) 1 230 
407 (0.000000,0.000000) 1 230 
458 (0.000000,0.000000) 1 230 
37 (0.000000,0.000000) 1 230 
35 (0.000000,0.000000) 8 230 351 108 374 520 596 524 629 
351 (0.000000,0.000000) 1 35 
108 (0.000000,0.000000) 1 35 
374 (0.000000,0.000000) 1 35 
520 (0.000000,0.000000) 1 35 
596 (0.000000,0.000000) 1 35 
524 (0.000000,0.000000) 1 35 
629 (0.000000,0.000000) 8 35 425 127 95 429 309 171 359 
425 (0.000000,0.000000) 1 629 
127 (0.000000,0.000000) 1 629 
95 (0.000000,0.000000) 1 629 
429 (0.000000,0.000000) 1 629 
309 (0.000000,0.000000) 1 629 
171 (0.000000,0.000000) 1 629 
359 (0.000000,0.000000) 8 629 49 397 385 297 583 325 526 
49 (0.000000,0.000000) 1 359 
397 (0.000000,0.000000) 1 359 
385 (0.000000,0.000000) 1 359 
297 (0.000000,0.000000) 1 359 
583 (0.000000,0.000000) 1 359 
325 (0.000000,0.000000) 1 359 
526 (0.000000,0.000000) 8 359 400 399 103 144 153 477 260 
400 (0.000000,0.000000) 1 526 
399 (0.000000,0.000000) 1 526 
103 (0.000000,0.000000) 1 526 
144 (0.000000,0.000000) 1 526 
153 (0.000000,0.000000) 1 526 
477 (0.000000,0.000000) 1 526 
260 (0.000000,0.000000) 8 526 488 311 310 577 216 436 671 
488 (0.000000,0.000000) 1 260 
311 (0.000000,0.000000) 1 260 
310 (0.000000,0.000000) 1 260 
577 (0.000000,0.000000) 1 260 
216 (0.000000,0.000000) 1 260 
436 (0.000000,0.000000) 1 260 
671 (0.000000,0.000000) 8 260 282 382 202 453 38 251 487 
282 (0.000000,0.000000) 1 671 
382 (0.000000,0.000000) 1 671 
202 (0.000000,0.000000) 1 671 
453 (0.000000,0.000000) 1 671 
38 (0.000000,0.000000) 1 671 
251 (0.000000,0.000000) 1 671 
487 (0.000000,0.000000) 8 671 423 547 8 405 45 91 545 
423 (0.000000,0.000000) 1 487 
547 (0.000000,0.000000) 1 487 
8 (0.000000,0.000000) 1 487 
405 (0.000000,0.000000) 1 487 
45 (0.000000,0.000000) 1 487 
91 (0.000000,0.000000) 1 487 
545 (0.000000,0.000000) 8 487 234 335 262 25 595 387 675 
234 (0.000000,0.000000) 1 545 
335 (0.000000,0.000000) 1 545 
262 (0.000000,0.000000) 1 545 
25 (0.000000,0.000000) 1 545 
595 (0.000000,0.000000) 1 545 
387 (0.000000,0.000000) 1 545 
675 (0.000000,0.000000) 8 545 386 696 239 67 156 521 448 
386 (0.000000,0.000000) 1 675 
696 (0.000000,0.000000) 1 675 
239 (0.000000,0.000000) 1 675 
67 (0.000000,0.000000) 1 675 
156 (0.000000,0.000000) 1 675 
521 (0.000000,0.000000) 1 675 
448 (0.000000,0.000000) 8 675 697 611 124 585 395 184 568 
697 (0.000000,0.000000) 1 448 
611 (0.000000,0.000000) 1 448 
124 (0.000000,0.000000) 1 448 
585 (0.000000,0.000000) 1 448 
395 (0.000000,0.000000) 1 448 
184 (0.000000,0.000000) 1 448 
568 (0.000000,0.000000) 8 448 75 635 459 243 403 450 142 
75 (0.000000,0.000000) 1 568 
635 (0.000000,0.000000) 1 568 
459 (0.000000,0.000000) 1 568 
243 (0.000000,0.000000) 1 568 
403 (0.000000,0.000000) 1 568 
450 (0.000000,0.000000) 1 568 
142 (0.000000,0.000000) 8 568 65 682 529 365 522 224 241 
65 (0.000000,0.000000) 1 142 
682 (0.000000,0.000000) 1 142 
529 (0.000000,0.000000) 1 142 
365 (0.000000,0.000000) 1 142 
522 (0.000000,0.000000) 1 142 
224 (0.000000,0.000000) 1 142 
241 (0.000000,0.000000) 8 142 312 11 307 618 300 122 139 
312 (0.000000,0.000000) 1 241 
11 (0.000000,0.000000) 1 241 
307 (0.000000,0.000000) 1 241 
618 (0.000000,0.000000) 1 241 
300 (0.000000,0.000000) 1 241 
122 (0.000000,0.000000) 1 241 
139 (0.000000,0.000000) 8 241 54 470 670 168 371 152 73 
54 (0.000000,0.000000) 1 139 
470 (0.000000,0.000000) 1 139 
670 (0.000000,0.000000) 1 139 
168 (0.000000,0.000000) 1 139 
371 (0.000000,0.000000) 1 139 
152 (0.000000,0.000000) 1 139 
73 (0.000000,0.000000) 8 139 680 138 673 2 327 173 313 
680 (0.000000,0.000000) 1 73 
138 (0.000000,0.000000) 1 73 
673 (0.000000,0.000000) 1 73 
2 (0.000000,0.000000) 1 73 
327 (0.000000,0.000000) 1 73 
173 (0.000000,0.000000) 1 73 
313 (0.000000,0.000000) 8 73 677 208 508 175 519 653 475 
677 (0.000000,0.000000) 1 313 
208 (0.000000,0.000000) 1 313 
508 (0.000000,0.000000) 1 313 
175 (0.000000,0.000000) 1 313 
519 (0.000000,0.000000) 1 313 
653 (0.000000,0.000000) 1 313 
475 (0.000000,0.000000) 8 313 287 621 281 701 302 56 76 
287 (0.000000,0.000000) 1 475 
621 (0.000000,0.000000) 1 475 
281 (0.000000,0.000000) 1 475 
701 (0.000000,0.000000) 1 475 
302 (0.000000,0.000000) 1 475 
56 (0.000000,0.000000) 1 475 
76 (0.000000,0.000000) 8 475 180 589 492 482 136 7 294 
180 (0.000000,0.000000) 1 76 
589 (0.000000,0.000000) 1 76 
492 (0.000000,0.000000) 1 76 
482 (0.000000,0.000000) 1 76 
136 (0.000000,0.000000) 1 76 
7 (0.000000,0.000000) 1 76 
294 (0.000000,0.000000) 8 76 164 245 330 503 248 384 80 
164 (0.000000,0.000000) 1 294 
245 (0.000000,0.000000) 1 294 
330 (0.000000,0.000000) 1 294 
503 (0.000000,0.000000) 1 294 
248 (0.000000,0.000000) 1 294 
384 (0.000000,0.000000) 1 294 
80 (0.000000,0.000000) 8 294 486 510 491 688 546 501 165 
486 (0.000000,0.000000) 1 80 
510 (0.000000,0.000000) 1 80 
491 (0.000000,0.000000) 1 80 
688 (0.000000,0.000000) 1 80 
546 (0.000000,0.000000) 1 80 
501 (0.000000,0.000000) 1 80 
165 (0.000000,0.000000) 8 80 566 295 560 28 129 509 604 
566 (0.000000,0.000000) 1 165 
295 (0.000000,0.000000) 1 165 
560 (0.000000,0.000000) 1 165 
28 (0.000000,0.000000) 1 165 
129 (0.000000,0.000000) 1 165 
509 (0.000000,0.000000) 1 165 
604 (0.000000,0.000000) 8 165 441 207 123 315 390 59 174 
441 (0.000000,0.000000) 1 604 
207 (0.000000,0.000000) 1 604 
123 (0.000000,0.000000) 1 604 
315 (0.000000,0.000000) 1 604 
390 (0.000000,0.000000) 1 604 
59 (0.000000,0.000000) 1 604 
174 (0.000000,0.000000) 8 604 569 19 599 192 406 60 289 
569 (0.000000,0.000000) 1 174 
19 (0.000000,0.000000) 1 174 
599 (0.000000,0.000000) 1 174 
192 (0.000000,0.000000) 1 174 
406 (0.000000,0.000000) 1 174 
60 (0.000000,0.000000) 1 174 
289 (0.000000,0.000000) 8 174 87 55 299 659 415 634 457 
87 (0.000000,0.000000) 1 289 
55 (0.000000,0.000000) 1 289 
299 (0.000000,0.000000) 1 289 
659 (0.000000,0.000000) 1 289 
415 (0.000000,0.000000) 1 289 
634 (0.000000,0.000000) 1 289 
457 (0.000000,0.000000) 8 289 394 69 220 135 128 648 544 
394 (0.000000,0.000000) 1 457 
69 (0.000000,0.000000) 1 457 
220 (0.000000,0.000000) 1 457 
135 (0.000000,0.000000) 1 457 
128 (0.000000,0.000000) 1 457 
648 (0.000000,0.000000) 1 457 
544 (0.000000,0.000000) 8 457 163 649 579 157 352 276 83 
163 (0.000000,0.000000) 1 544 
649 (0.000000,0.000000) 1 544 
579 (0.000000,0.000000) 1 544 
157 (0.000000,0.000000) 1 544 
352 (0.000000,0.000000) 1 544 
276 (0.000000,0.000000) 1 544 
83 (0.000000,0.000000) 8 544 252 362 188 233 146 623 166 
252 (0.000000,0.000000) 1 83 
362 (0.000000,0.000000) 1 83 
188 (0.000000,0.000000) 1 83 
233 (0.000000,0.000000) 1 83 
146 (0.000000,0.000000) 1 83 
623 (0.000000,0.000000) 1 83 
166 (0.000000,0.000000) 8 83 259 473 217 505 549 418 632 
259 (0.000000,0.000000) 1 166 
473 (0.000000,0.000000) 1 166 
217 (0.000000,0.000000) 1 166 
505 (0.000000,0.000000) 1 166 
549 (0.000000,0.000000) 1 166 
418 (0.000000,0.000000) 1 166 
632 (0.000000,0.000000) 8 166 41 78 650 373 342 264 543 
41 (0.000000,0.000000) 1 632 
78 (0.000000,0.000000) 1 632 
650 (0.000000,0.000000) 1 632 
373 (0.000000,0.000000) 1 632 
342 (0.000000,0.000000) 1 632 
264 (0.000000,0.000000) 1 632 
543 (0.000000,0.000000) 8 632 427 68 558 90 347 115 200 
427 (0.000000,0.000000) 1 543 
68 (0.000000,0.000000) 1 543 
558 (0.000000,0.000000) 1 543 
90 (0.000000,0.000000) 1 543 
347 (0.000000,0.000000) 1 543 
115 (0.000000,0.000000) 1 543 
200 (0.000000,0.000000) 8 543 432 344 34 221 5 194 581 
432 (0.000000,0.000000) 1 200 
344 (0.000000,0.000000) 1 200 
34 (0.000000,0.000000) 1 200 
221 (0.000000,0.000000) 1 200 
5 (0.000000,0.000000) 1 200 
194 (0.000000,0.000000) 1 200 
581 (0.000000,0.000000) 8 200 261 370 591 272 431 666 339 
261 (0.000000,0.000000) 1 581 
370 (0.000000,0.000000) 1 581 
591 (0.000000,0.000000) 1 581 
272 (0.000000,0.000000) 1 581 
431 (0.000000,0.000000) 1 581 
666 (0.000000,0.000000) 1 581 
339 (0.000000,0.000000) 8 581 66 622 636 266 681 651 169 
66 (0.000000,0.000000) 1 339 
622 (0.000000,0.000000) 1 339 
636 (0.000000,0.000000) 1 339 
266 (0.000000,0.000000) 1 339 
681 (0.000000,0.000000) 1 339 
651 (0.000000,0.000000) 1 339 
169 (0.000000,0.000000) 8 339 539 296 562 293 489 172 345 
539 (0.000000,0.000000) 1 169 
296 (0.000000,0.000000) 1 169 
562 (0.000000,0.000000) 1 169 
293 (0.000000,0.000000) 1 169 
489 (0.000000,0.000000) 1 169 
172 (0.000000,0.000000) 1 169 
345 (0.000000,0.000000) 8 169 573 392 240 205 679 53 690 
573 (0.000000,0.000000) 1 345 
392 (0.000000,0.000000) 1 345 
240 (0.000000,0.000000) 1 345 
205 (0.000000,0.000000) 1 345 
679 (0.000000,0.000000) 1 345 
53 (0.000000,0.000000) 1 345 
690 (0.000000,0.000000) 8 345 148 414 660 4 250 70 226 
148 (0.000000,0.000000) 1 690 
414 (0.000000,0.000000) 1 690 
660 (0.000000,0.000000) 1 690 
4 (0.000000,0.000000) 1 690 
250 (0.000000,0.000000) 1 690 
70 (0.000000,0.000000) 1 690 
226 (0.000000,0.000000) 8 690 118 676 140 98 333 1 481 
118 (0.000000,0.000000) 1 226 
676 (0.000000,0.000000) 1 226 
140 (0.000000,0.000000) 1 226 
98 (0.000000,0.000000) 1 226 
333 (0.000000,0.000000) 1 226 
1 (0.000000,0.000000) 1 226 
481 (0.000000,0.000000) 8 226 669 346 380 101 542 104 396 
669 (0.000000,0.000000) 1 481 
346 (0.000000,0.000000) 1 481 
380 (0.000000,0.000000) 1 481 
101 (0.000000,0.000000) 1 481 
542 (0.000000,0.000000) 1 481 
104 (0.000000,0.000000) 1 481 
396 (0.000000,0.000000) 8 481 99 657 338 275 424 646 278 
99 (0.000000,0.000000) 1 396 
657 (0.000000,0.000000) 1 396 
338 (0.000000,0.000000) 1 396 
275 (0.000000,0.000000) 1 396 
424 (0.000000,0.000000) 1 396 
646 (0.000000,0.000000) 1 396 
278 (0.000000,0.000000) 8 396 372 664 652 50 493 464 51 
372 (0.000000,0.000000) 1 278 
664 (0.000000,0.000000) 1 278 
652 (0.000000,0.000000) 1 278 
50 (0.000000,0.000000) 1 278 
493 (0.000000,0.000000) 1 278 
464 (0.000000,0.000000) 1 278 
51 (0.000000,0.000000) 8 278 567 81 600 279 340 336 574 
567 (0.000000,0.000000) 1 51 
81 (0.000000,0.000000) 1 51 
600 (0.000000,0.000000) 1 51 
279 (0.000000,0.000000) 1 51 
340 (0.000000,0.000000) 1 51 
336 (0.000000,0.000000) 1 51 
574 (0.000000,0.000000) 8 51 640 97 467 624 198 378 587 
640 (0.000000,0.000000) 1 574 
97 (0.000000,0.000000) 1 574 
467 (0.000000,0.000000) 1 574 
624 (0.000000,0.000000) 1 574 
198 (0.000000,0.000000) 1 574 
378 (0.000000,0.000000) 1 574 
587 (0.000000,0.000000) 8 574 13 348 685 449 512 360 420 
13 (0.000000,0.000000) 1 587 
348 (0.000000,0.000000) 1 587 
685 (0.000000,0.000000) 1 587 
449 (0.000000,0.000000) 1 587 
512 (0.000000,0.000000) 1 587 
360 (0.000000,0.000000) 1 587 
420 (0.000000,0.000000) 8 587 367 210 16 645 204 495 511 
367 (0.000000,0.000000) 1 420 
210 (0.000000,0.000000) 1 420 
16 (0.000000,0.000000) 1 420 
645 (0.000000,0.000000) 1 420 
204 (0.000000,0.000000) 1 420 
495 (0.000000,0.000000) 1 420 
511 (0.000000,0.000000) 8 420 213 668 85 594 410 21 42 
213 (0.000000,0.000000) 1 511 
668 (0.000000,0.000000) 1 511 
85 (0.000000,0.000000) 1 511 
594 (0.000000,0.000000) 1 511 
410 (0.000000,0.000000) 1 511 
21 (0.000000,0.000000) 1 511 
42 (0.000000,0.000000) 8 511 100 506 229 388 304 601 291 
100 (0.000000,0.000000) 1 42 
506 (0.000000,0.000000) 1 42 
229 (0.000000,0.000000) 1 42 
388 (0.000000,0.000000) 1 42 
304 (0.000000,0.000000) 1 42 
601 (0.000000,0.000000) 1 42 
291 (0.000000,0.000000) 8 42 462 283 683 269 631 571 125 
462 (0.000000,0.000000) 1 291 
283 (0.000000,0.000000) 1 291 
683 (0.000000,0.000000) 1 291 
269 (0.000000,0.000000) 1 291 
631 (0.000000,0.000000) 1 291 
571 (0.000000,0.000000) 1 291 
125 (0.000000,0.000000) 8 291 637 39 182 628 684 625 605 
637 (0.000000,0.000000) 1 125 
39 (0.000000,0.000000) 1 125 
182 (0.000000,0.000000) 1 125 
628 (0.000000,0.000000) 1 125 
684 (0.000000,0.000000) 1 125 
625 (0.000000,0.000000) 1 125 
605 (0.000000,0.000000) 8 125 615 176 185 662 633 232 551 
615 (0.000000,0.000000) 1 605 
176 (0.000000,0.000000) 1 605 
185 (0.000000,0.000000) 1 605 
662 (0.000000,0.000000) 1 605 
633 (0.000000,0.000000) 1 605 
232 (0.000000,0.000000) 1 605 
551 (0.000000,0.000000) 8 605 321 30 246 476 211 639 119 
321 (0.000000,0.000000) 1 551 
30 (0.000000,0.000000) 1 551 
246 (0.000000,0.000000) 1 551 
476 (0.000000,0.000000) 1 551 
211 (0.000000,0.000000) 1 551 
639 (0.000000,0.000000) 1 551 
119 (0.000000,0.000000) 8 551 474 247 265 658 215 62 446 
474 (0.000000,0.000000) 1 119 
247 (0.000000,0.000000) 1 119 
265 (0.000000,0.000000) 1 119 
658 (0.000000,0.000000) 1 119 
215 (0.000000,0.000000) 1 119 
62 (0.000000,0.000000) 1 119 
446 (0.000000,0.000000) 8 119 20 686 445 606 440 181 242 
20 (0.000000,0.000000) 1 446 
686 (0.000000,0.000000) 1 446 
445 (0.000000,0.000000) 1 446 
606 (0.000000,0.000000) 1 446 
440 (0.000000,0.000000) 1 446 
181 (0.000000,0.000000) 1 446 
242 (0.000000,0.000000) 8 446 341 120 350 612 527 328 383 
341 (0.000000,0.000000) 1 242 
120 (0.000000,0.000000) 1 242 
350 (0.000000,0.000000) 1 242 
612 (0.000000,0.000000) 1 242 
527 (0.000000,0.000000) 1 242 
328 (0.000000,0.000000) 1 242 
383 (0.000000,0.000000) 8 242 376 177 320 117 517 630 398 
376 (0.000000,0.000000) 1 383 
177 (0.000000,0.000000) 1 383 
320 (0.000000,0.000000) 1 383 
117 (0.000000,0.000000) 1 383 
517 (0.000000,0.000000) 1 383 
630 (0.000000,0.000000) 1 383 
398 (0.000000,0.000000) 8 383 255 559 461 306 619 411 47 
255 (0.000000,0.000000) 1 398 
559 (0.000000,0.000000) 1 398 
461 (0.000000,0.000000) 1 398 
306 (0.000000,0.000000) 1 398 
619 (0.000000,0.000000) 1 398 
411 (0.000000,0.000000) 1 398 
47 (0.000000,0.000000) 8 398 575 582 52 691 162 444 161 
575 (0.000000,0.000000) 1 47 
582 (0.000000,0.000000) 1 47 
52 (0.000000,0.000000) 1 47 
691 (0.000000,0.000000) 1 47 
162 (0.000000,0.000000) 1 47 
444 (0.000000,0.000000) 1 47 
161 (0.000000,0.000000) 8 47 223 498 377 638 284 647 540 
223 (0.000000,0.000000) 1 161 
498 (0.000000,0.000000) 1 161 
377 (0.000000,0.000000) 1 161 
638 (0.000000,0.000000) 1 161 
284 (0.000000,0.000000) 1 161 
647 (0.000000,0.000000) 1 161 
540 (0.000000,0.000000) 8 161 607 561 656 554 584 29 613 
607 (0.000000,0.000000) 1 540 
561 (0.000000,0.000000) 1 540 
656 (0.000000,0.000000) 1 540 
554 (0.000000,0.000000) 1 540 
584 (0.000000,0.000000) 1 540 
29 (0.000000,0.000000) 1 540 
613 (0.000000,0.000000) 8 540 292 113 556 478 218 57 178 
292 (0.000000,0.000000) 1 613 
113 (0.000000,0.000000) 1 613 
556 (0.000000,0.000000) 1 613 
478 (0.000000,0.000000) 1 613 
218 (0.000000,0.000000) 1 613 
57 (0.000000,0.000000) 1 613 
178 (0.000000,0.000000) 8 613 408 126 58 576 642 533 9 
408 (0.000000,0.000000) 1 178 
126 (0.000000,0.000000) 1 178 
58 (0.000000,0.000000) 1 178 
576 (0.000000,0.000000) 1 178 
642 (0.000000,0.000000) 1 178 
533 (0.000000,0.000000) 1 178 
9 (0.000000,0.000000) 8 178 689 463 654 565 212 422 598 
689 (0.000000,0.000000) 1 9 
463 (0.000000,0.000000) 1 9 
654 (0.000000,0.000000) 1 9 
565 (0.000000,0.000000) 1 9 
212 (0.000000,0.000000) 1 9 
422 (0.000000,0.000000) 1 9 
598 (0.000000,0.000000) 8 9 249 189 48 570 79 195 36 
249 (0.000000,0.000000) 1 598 
189 (0.000000,0.000000) 1 598 
48 (0.000000,0.000000) 1 598 
570 (0.000000,0.000000) 1 598 
79 (0.000000,0.000000) 1 598 
195 (0.000000,0.000000) 1 598 
36 (0.000000,0.000000) 8 598 507 439 199 401 525 26 92 
507 (0.000000,0.000000) 1 36 
439 (0.000000,0.000000) 1 36 
199 (0.000000,0.000000) 1 36 
401 (0.000000,0.000000) 1 36 
525 (0.000000,0.000000) 1 36 
26 (0.000000,0.000000) 1 36 
92 (0.000000,0.000000) 8 36 626 134 447 428 694 72 588 
626 (0.000000,0.000000) 1 92 
134 (0.000000,0.000000) 1 92 
447 (0.000000,0.000000) 1 92 
428 (0.000000,0.000000) 1 92 
694 (0.000000,0.000000) 1 92 
72 (0.000000,0.000000) 1 92 
588 (0.000000,0.000000) 8 92 74 469 193 699 369 672 196 
74 (0.000000,0.000000) 1 588 
469 (0.000000,0.000000) 1 588 
193 (0.000000,0.000000) 1 588 
699 (0.000000,0.000000) 1 588 
369 (0.000000,0.000000) 1 588 
672 (0.000000,0.000000) 1 588 
196 (0.000000,0.000000) 8 588 687 515 191 678 40 496 209 
687 (0.000000,0.000000) 1 196 
515 (0.000000,0.000000) 1 196 
191 (0.000000,0.000000) 1 196 
678 (0.000000,0.000000) 1 196 
40 (0.000000,0.000000) 1 196 
496 (0.000000,0.000000) 1 196 
209 (0.000000,0.000000) 8 196 572 131 409 10 430 18 349 
572 (0.000000,0.000000) 1 209 
131 (0.000000,0.000000) 1 209 
409 (0.000000,0.000000) 1 209 
10 (0.000000,0.000000) 1 209 
430 (0.000000,0.000000) 1 209 
18 (0.000000,0.000000) 1 209 
349 (0.000000,0.000000) 8 209 71 317 485 402 531 516 23 
71 (0.000000,0.000000) 1 349 
317 (0.000000,0.000000) 1 349 
485 (0.000000,0.000000) 1 349 
402 (0.000000,0.000000) 1 349 
531 (0.000000,0.000000) 1 349 
516 (0.000000,0.000000) 1 349 
23 (0.000000,0.000000) 8 349 620 592 167 609 257 151 381 
620 (0.000000,0.000000) 1 23 
592 (0.000000,0.000000) 1 23 
167 (0.000000,0.000000) 1 23 
609 (0.000000,0.000000) 1 23 
257 (0.000000,0.000000) 1 23 
151 (0.000000,0.000000) 1 23 
381 (0.000000,0.000000) 8 23 608 319 238 337 254 24 443 
608 (0.000000,0.000000) 1 381 
319 (0.000000,0.000000) 1 381 
238 (0.000000,0.000000) 1 381 
337 (0.000000,0.000000) 1 381 
254 (0.000000,0.000000) 1 381 
24 (0.000000,0.000000) 1 381 
443 (0.000000,0.000000) 8 381 116 500 137 466 15 555 332 
116 (0.000000,0.000000) 1 443 
500 (0.000000,0.000000) 1 443 
137 (0.000000,0.000000) 1 443 
466 (0.000000,0.000000) 1 443 
15 (0.000000,0.000000) 1 443 
555 (0.000000,0.000000) 1 443 
332 (0.000000,0.000000) 8 443 442 285 64 433 225 451 132 
442 (0.000000,0.000000) 1 332 
285 (0.000000,0.000000) 1 332 
64 (0.000000,0.000000) 1 332 
433 (0.000000,0.000000) 1 332 
225 (0.000000,0.000000) 1 332 
451 (0.000000,0.000000) 1 332 
132 (0.000000,0.000000) 8 332 228 375 6 280 197 412 219 
228 (0.000000,0.000000) 1 132 
375 (0.000000,0.000000) 1 132 
6 (0.000000,0.000000) 1 132 
280 (0.000000,0.000000) 1 132 
197 (0.000000,0.000000) 1 132 
412 (0.000000,0.000000) 1 132 
219 (0.000000,0.000000) 8 132 468 379 667 460 471 286 361 
468 (0.000000,0.000000) 1 219 
379 (0.000000,0.000000) 1 219 
667 (0.000000,0.000000) 1 219 
460 (0.000000,0.000000) 1 219 
471 (0.000000,0.000000) 1 219 
286 (0.000000,0.000000) 1 219 
361 (0.000000,0.000000) 8 219 222 586 627 206 77 356 419 
222 (0.000000,0.000000) 1 361 
586 (0.000000,0.000000) 1 361 
627 (0.000000,0.000000) 1 361 
206 (0.000000,0.000000) 1 361 
77 (0.000000,0.000000) 1 361 
356 (0.000000,0.000000) 1 361 
419 (0.000000,0.000000) 8 361 88 298 597 112 665 523 201 
88 (0.000000,0.000000) 1 419 
298 (0.000000,0.000000) 1 419 
597 (0.000000,0.000000) 1 419 
112 (0.000000,0.000000) 1 419 
665 (0.000000,0.000000) 1 419 
523 (0.000000,0.000000) 1 419 
201 (0.000000,0.000000) 8 419 692 63 357 186 308 326 355 
692 (0.000000,0.000000) 1 201 
63 (0.000000,0.000000) 1 201 
357 (0.000000,0.000000) 1 201 
186 (0.000000,0.000000) 1 201 
308 (0.000000,0.000000) 1 201 
326 (0.000000,0.000000) 1 201 
355 (0.000000,0.000000) 8 201 133 121 700 322 437 93 253 
133 (0.000000,0.000000) 1 355 
121 (0.000000,0.000000) 1 355 
700 (0.000000,0.000000) 1 355 
322 (0.000000,0.000000) 1 355 
437 (0.000000,0.000000) 1 355 
93 (0.000000,0.000000) 1 355 
253 (0.000000,0.000000) 8 355 111 158 94 258 318 31 270 
111 (0.000000,0.000000) 1 253 
158 (0.000000,0.000000) 1 253 
94 (0.000000,0.000000) 1 253 
258 (0.000000,0.000000) 1 253 
318 (0.000000,0.000000) 1 253 
31 (0.000000,0.000000) 1 253 
270 (0.000000,0.000000) 8 253 363 268 655 452 96 553 564 
363 (0.000000,0.000000) 1 270 
268 (0.000000,0.000000) 1 270 
655 (0.000000,0.000000) 1 270 
452 (0.000000,0.000000) 1 270 
96 (0.000000,0.000000) 1 270 
553 (0.000000,0.000000) 1 270 
564 (0.000000,0.000000) 8 270 698 641 693 550 22 538 61 
698 (0.000000,0.000000) 1 564 
641 (0.000000,0.000000) 1 564 
693 (0.000000,0.000000) 1 564 
550 (0.000000,0.000000) 1 564 
22 (0.000000,0.000000) 1 564 
538 (0.000000,0.000000) 1 564 
61 (0.000000,0.000000) 8 564 237 190 147 141 244 661 644 
237 (0.000000,0.000000) 1 61 
190 (0.000000,0.000000) 1 61 
147 (0.000000,0.000000) 1 61 
141 (0.000000,0.000000) 1 61 
244 (0.000000,0.000000) 1 61 
661 (0.000000,0.000000) 1 61 
644 (0.000000,0.000000) 8 61 456 497 106 548 109 354 343 
456 (0.000000,0.000000) 1 644 
497 (0.000000,0.000000) 1 644 
106 (0.000000,0.000000) 1 644 
548 (0.000000,0.000000) 1 644 
109 (0.000000,0.000000) 1 644 
354 (0.000000,0.000000) 1 644 
343 (0.000000,0.000000) 8 644 263 536 358 391 89 364 273 
263 (0.000000,0.000000) 1 343 
536 (0.000000,0.000000) 1 343 
358 (0.000000,0.000000) 1 343 
391 (0.000000,0.000000) 1 343 
89 (0.000000,0.000000) 1 343 
364 (0.000000,0.000000) 1 343 
273 (0.000000,0.000000) 1 343 
