126 (0.000000,0.000000) 1 195 
195 (0.000000,0.000000) 8 126 28 319 320 274 311 172 144 
28 (0.000000,0.000000) 1 195 
319 (0.000000,0.000000) 1 195 
320 (0.000000,0.000000) 1 195 
274 (0.000000,0.000000) 1 195 
311 (0.000000,0.000000) 1 195 
172 (0.000000,0.000000) 1 195 
144 (0.000000,0.000000) 8 195 95 124 108 258 49 16 112 
95 (0.000000,0.000000) 1 144 
124 (0.000000,0.000000) 1 144 
108 (0.000000,0.000000) 1 144 
258 (0.000000,0.000000) 1 144 
49 (0.000000,0.000000) 1 144 
16 (0.000000,0.000000) 1 144 
112 (0.000000,0.000000) 8 144 140 27 25 343 233 290 3 
140 (0.000000,0.000000) 1 112 
27 (0.000000,0.000000) 1 112 
25 (0.000000,0.000000) 1 112 
343 (0.000000,0.000000) 1 112 
233 (0.000000,0.000000) 1 112 
290 (0.000000,0.000000) 1 112 
3 (0.000000,0.000000) 8 112 37 128 298 330 316 327 60 
37 (0.000000,0.000000) 1 3 
128 (0.000000,0.000000) 1 3 
298 (0.000000,0.000000) 1 3 
330 (0.000000,0.000000) 1 3 
316 (0.000000,0.000000) 1 3 
327 (0.000000,0.000000) 1 3 
60 (0.000000,0.000000) 8 3 221 164 254 249 131 222 234 
221 (0.000000,0.000000) 1 60 
164 (0.000000,0.000000) 1 60 
254 (0.000000,0.000000) 1 60 
249 (0.000000,0.000000) 1 60 
131 (0.000000,0.000000) 1 60 
222 (0.000000,0.000000) 1 60 
234 (0.000000,0.000000) 8 60 153 41 89 247 228 196 216 
153 (0.000000,0.000000) 1 234 
41 (0.000000,0.000000) 1 234 
89 (0.000000,0.000000) 1 234 
247 (0.000000,0.000000) 1 234 
228 (0.000000,0.000000) 1 234 
196 (0.000000,0.000000) 1 234 
216 (0.000000,0.000000) 8 234 340 211 328 192 237 64 182 
340 (0.000000,0.000000) 1 216 
211 (0.000000,0.000000) 1 216 
328 (0.000000,0.000000) 1 216 
192 (0.000000,0.000000) 1 216 
237 (0.000000,0.000000) 1 216 
64 (0.000000,0.000000) 1 216 
182 (0.000000,0.000000) 8 216 181 65 281 194 259 220 168 
181 (0.000000,0.000000) 1 182 
65 (0.000000,0.000000) 1 182 
281 (0.000000,0.000000) 1 182 
194 (0.000000,0.000000) 1 182 
259 (0.000000,0.000000) 1 182 
220 (0.000000,0.000000) 1 182 
168 (0.000000,0.000000) 8 182 30 88 332 284 48 174 217 
30 (0.000000,0.000000) 1 168 
88 (0.000000,0.000000) 1 168 
332 (0.000000,0.000000) 1 168 
284 (0.000000,0.000000) 1 168 
48 (0.000000,0.000000) 1 168 
174 (0.000000,0.000000) 1 168 
217 (0.000000,0.000000) 8 168 38 321 18 349 261 277 212 
38 (0.000000,0.000000) 1 217 
321 (0.000000,0.000000) 1 217 
18 (0.000000,0.000000) 1 217 
349 (0.000000,0.000000) 1 217 
261 (0.000000,0.000000) 1 217 
277 (0.000000,0.000000) 1 217 
212 (0.000000,0.000000) 8 217 312 136 187 151 84 314 333 
312 (0.000000,0.000000) 1 212 
136 (0.000000,0.000000) 1 212 
187 (0.000000,0.000000) 1 212 
151 (0.000000,0.000000) 1 212 
84 (0.000000,0.000000) 1 212 
314 (0.000000,0.000000) 1 212 
333 (0.000000,0.000000) 8 212 329 293 257 218 134 227 85 
329 (0.000000,0.000000) 1 333 
293 (0.000000,0.000000) 1 333 
257 (0.000000,0.000000) 1 333 
218 (0.000000,0.000000) 1 333 
134 (0.000000,0.000000) 1 333 
227 (0.000000,0.000000) 1 333 
85 (0.000000,0.000000) 8 333 14 57 188 294 116 213 331 
14 (0.000000,0.000000) 1 85 
57 (0.000000,0.000000) 1 85 
188 (0.000000,0.000000) 1 85 
294 (0.000000,0.000000) 1 85 
116 (0.000000,0.000000) 1 85 
213 (0.000000,0.000000) 1 85 
331 (0.000000,0.000000) 8 85 148 39 56 251 149 166 111 
148 (0.000000,0.000000) 1 331 
39 (0.000000,0.000000) 1 331 
56 (0.000000,0.000000) 1 331 
251 (0.000000,0.000000) 1 331 
149 (0.000000,0.000000) 1 331 
166 (0.000000,0.000000) 1 331 
111 (0.000000,0.000000) 8 331 210 189 137 150 93 66 348 
210 (0.000000,0.000000) 1 111 
189 (0.000000,0.000000) 1 111 
137 (0.000000,0.000000) 1 111 
150 (0.000000,0.000000) 1 111 
93 (0.000000,0.000000) 1 111 
66 (0.000000,0.000000) 1 111 
348 (0.000000,0.000000) 8 111 73 288 35 129 302 306 176 
73 (0.000000,0.000000) 1 348 
288 (0.000000,0.000000) 1 348 
35 (0.000000,0.000000) 1 348 
129 (0.000000,0.000000) 1 348 
302 (0.000000,0.000000) 1 348 
306 (0.000000,0.000000) 1 348 
176 (0.000000,0.000000) 8 348 97 215 177 113 232 305 325 
97 (0.000000,0.000000) 1 176 
215 (0.000000,0.000000) 1 176 
177 (0.000000,0.000000) 1 176 
113 (0.000000,0.000000) 1 176 
232 (0.000000,0.000000) 1 176 
305 (0.000000,0.000000) 1 176 
325 (0.000000,0.000000) 8 176 109 165 83 31 1 219 180 
109 (0.000000,0.000000) 1 325 
165 (0.000000,0.000000) 1 325 
83 (0.000000,0.000000) 1 325 
31 (0.000000,0.000000) 1 325 
1 (0.000000,0.000000) 1 325 
219 (0.000000,0.000000) 1 325 
180 (0.000000,0.000000) 8 325 158 285 239 147 245 22 323 
158 (0.000000,0.000000) 1 180 
285 (0.000000,0.000000) 1 180 
239 (0.000000,0.000000) 1 180 
147 (0.000000,0.000000) 1 180 
245 (0.000000,0.000000) 1 180 
22 (0.000000,0.000000) 1 180 
323 (0.000000,0.000000) 8 180 186 34 347 74 47 255 265 
186 (0.000000,0.000000) 1 323 
34 (0.000000,0.000000) 1 323 
347 (0.000000,0.000000) 1 323 
74 (0.000000,0.000000) 1 323 
47 (0.000000,0.000000) 1 323 
255 (0.000000,0.000000) 1 323 
265 (0.000000,0.000000) 8 323 77 256 125 191 271 5 92 
77 (0.000000,0.000000) 1 265 
256 (0.000000,0.000000) 1 265 
125 (0.000000,0.000000) 1 265 
191 (0.000000,0.000000) 1 265 
271 (0.000000,0.000000) 1 265 
5 (0.000000,0.000000) 1 265 
92 (0.000000,0.000000) 8 265 279 267 322 115 67 104 276 
279 (0.000000,0.000000) 1 92 
267 (0.000000,0.000000) 1 92 
322 (0.000000,0.000000) 1 92 
115 (0.000000,0.000000) 1 92 
67 (0.000000,0.000000) 1 92 
104 (0.000000,0.000000) 1 92 
276 (0.000000,0.000000) 8 92 105 170 146 272 243 8 291 
105 (0.000000,0.000000) 1 276 
170 (0.000000,0.000000) 1 276 
146 (0.000000,0.000000) 1 276 
272 (0.000000,0.000000) 1 276 
243 (0.000000,0.000000) 1 276 
8 (0.000000,0.000000) 1 276 
291 (0.000000,0.000000) 8 276 283 350 199 141 250 299 286 
283 (0.000000,0.000000) 1 291 
350 (0.000000,0.000000) 1 291 
199 (0.000000,0.000000) 1 291 
141 (0.000000,0.000000) 1 291 
250 (0.000000,0.000000) 1 291 
299 (0.000000,0.000000) 1 291 
286 (0.000000,0.000000) 8 291 169 103 96 248 98 300 132 
169 (0.000000,0.000000) 1 286 
103 (0.000000,0.000000) 1 286 
96 (0.000000,0.000000) 1 286 
248 (0.000000,0.000000) 1 286 
98 (0.000000,0.000000) 1 286 
300 (0.000000,0.000000) 1 286 
132 (0.000000,0.000000) 8 286 179 190 117 24 55 260 102 
179 (0.000000,0.000000) 1 132 
190 (0.000000,0.000000) 1 132 
117 (0.000000,0.000000) 1 132 
24 (0.000000,0.000000) 1 132 
55 (0.000000,0.000000) 1 132 
260 (0.000000,0.000000) 1 132 
102 (0.000000,0.000000) 8 132 157 167 45 81 43 6 275 
157 (0.000000,0.000000) 1 102 
167 (0.000000,0.000000) 1 102 
45 (0.000000,0.000000) 1 102 
81 (0.000000,0.000000) 1 102 
43 (0.000000,0.000000) 1 102 
6 (0.000000,0.000000) 1 102 
275 (0.000000,0.000000) 8 102 342 351 197 317 142 292 76 
342 (0.000000,0.000000) 1 275 
351 (0.000000,0.000000) 1 275 
197 (0.000000,0.000000) 1 275 
317 (0.000000,0.000000) 1 275 
142 (0.000000,0.000000) 1 275 
292 (0.000000,0.000000) 1 275 
76 (0.000000,0.000000) 8 275 80 282 231 32 242 58 183 
80 (0.000000,0.000000) 1 76 
282 (0.000000,0.000000) 1 76 
231 (0.000000,0.000000) 1 76 
32 (0.000000,0.000000) 1 76 
242 (0.000000,0.000000) 1 76 
58 (0.000000,0.000000) 1 76 
183 (0.000000,0.000000) 8 76 53 127 326 270 338 339 297 
53 (0.000000,0.000000) 1 183 
127 (0.000000,0.000000) 1 183 
326 (0.000000,0.000000) 1 183 
270 (0.000000,0.000000) 1 183 
338 (0.000000,0.000000) 1 183 
339 (0.000000,0.000000) 1 183 
297 (0.000000,0.000000) 8 183 118 90 33 19 2 161 252 
118 (0.000000,0.000000) 1 297 
90 (0.000000,0.000000) 1 297 
33 (0.000000,0.000000) 1 297 
19 (0.000000,0.000000) 1 297 
2 (0.000000,0.000000) 1 297 
161 (0.000000,0.000000) 1 297 
252 (0.000000,0.000000) 8 297 287 226 61 46 315 335 160 
287 (0.000000,0.000000) 1 252 
226 (0.000000,0.000000) 1 252 
61 (0.000000,0.000000) 1 252 
46 (0.000000,0.000000) 1 252 
315 (0.000000,0.000000) 1 252 
335 (0.000000,0.000000) 1 252 
160 (0.000000,0.000000) 8 252 185 334 20 240 7 69 110 
185 (0.000000,0.000000) 1 160 
334 (0.000000,0.000000) 1 160 
20 (0.000000,0.000000) 1 160 
240 (0.000000,0.000000) 1 160 
7 (0.000000,0.000000) 1 160 
69 (0.000000,0.000000) 1 160 
110 (0.000000,0.000000) 8 160 296 346 278 238 336 352 10 
296 (0.000000,0.000000) 1 110 
346 (0.000000,0.000000) 1 110 
278 (0.000000,0.000000) 1 110 
238 (0.000000,0.000000) 1 110 
336 (0.000000,0.000000) 1 110 
352 (0.000000,0.000000) 1 110 
10 (0.000000,0.000000) 8 110 72 313 171 12 68 4 143 
72 (0.000000,0.000000) 1 10 
313 (0.000000,0.000000) 1 10 
171 (0.000000,0.000000) 1 10 
12 (0.000000,0.000000) 1 10 
68 (0.000000,0.000000) 1 10 
4 (0.000000,0.000000) 1 10 
143 (0.000000,0.000000) 8 10 152 224 295 173 246 71 36 
152 (0.000000,0.000000) 1 143 
224 (0.000000,0.000000) 1 143 
295 (0.000000,0.000000) 1 143 
173 (0.000000,0.000000) 1 143 
246 (0.000000,0.000000) 1 143 
71 (0.000000,0.000000) 1 143 
36 (0.000000,0.000000) 8 143 26 15 304 264 79 21 308 
26 (0.000000,0.000000) 1 36 
15 (0.000000,0.000000) 1 36 
304 (0.000000,0.000000) 1 36 
264 (0.000000,0.000000) 1 36 
79 (0.000000,0.000000) 1 36 
21 (0.000000,0.000000) 1 36 
308 (0.000000,0.000000) 8 36 156 101 341 303 86 198 51 
156 (0.000000,0.000000) 1 308 
101 (0.000000,0.000000) 1 308 
341 (0.000000,0.000000) 1 308 
303 (0.000000,0.000000) 1 308 
86 (0.000000,0.000000) 1 308 
198 (0.000000,0.000000) 1 308 
51 (0.000000,0.000000) 8 308 307 91 214 17 9 11 50 
307 (0.000000,0.000000) 1 51 
91 (0.000000,0.000000) 1 51 
214 (0.000000,0.000000) 1 51 
17 (0.000000,0.000000) 1 51 
9 (0.000000,0.000000) 1 51 
11 (0.000000,0.000000) 1 51 
50 (0.000000,0.000000) 8 51 201 175 100 120 309 318 62 
201 (0.000000,0.000000) 1 50 
175 (0.000000,0.000000) 1 50 
100 (0.000000,0.000000) 1 50 
120 (0.000000,0.000000) 1 50 
309 (0.000000,0.000000) 1 50 
318 (0.000000,0.000000) 1 50 
62 (0.000000,0.000000) 8 50 94 202 273 280 310 154 122 
94 (0.000000,0.000000) 1 62 
202 (0.000000,0.000000) 1 62 
273 (0.000000,0.000000) 1 62 
280 (0.000000,0.000000) 1 62 
310 (0.000000,0.000000) 1 62 
154 (0.000000,0.000000) 1 62 
122 (0.000000,0.000000) 8 62 241 178 344 235 184 268 52 
241 (0.000000,0.000000) 1 122 
178 (0.000000,0.000000) 1 122 
344 (0.000000,0.000000) 1 122 
235 (0.000000,0.000000) 1 122 
184 (0.000000,0.000000) 1 122 
268 (0.000000,0.000000) 1 122 
52 (0.000000,0.000000) 8 122 106 114 236 207 130 29 266 
106 (0.000000,0.000000) 1 52 
114 (0.000000,0.000000) 1 52 
236 (0.000000,0.000000) 1 52 
207 (0.000000,0.000000) 1 52 
130 (0.000000,0.000000) 1 52 
29 (0.000000,0.000000) 1 52 
266 (0.000000,0.000000) 8 52 123 78 208 289 70 135 54 
123 (0.000000,0.000000) 1 266 
78 (0.000000,0.000000) 1 266 
208 (0.000000,0.000000) 1 266 
289 (0.000000,0.000000) 1 266 
70 (0.000000,0.000000) 1 266 
135 (0.000000,0.000000) 1 266 
54 (0.000000,0.000000) 8 266 193 163 162 253 42 269 203 
193 (0.000000,0.000000) 1 54 
163 (0.000000,0.000000) 1 54 
162 (0.000000,0.000000) 1 54 
253 (0.000000,0.000000) 1 54 
42 (0.000000,0.000000) 1 54 
269 (0.000000,0.000000) 1 54 
203 (0.000000,0.000000) 8 54 263 82 63 138 13 40 44 
263 (0.000000,0.000000) 1 203 
82 (0.000000,0.000000) 1 203 
63 (0.000000,0.000000) 1 203 
138 (0.000000,0.000000) 1 203 
13 (0.000000,0.000000) 1 203 
40 (0.000000,0.000000) 1 203 
44 (0.000000,0.000000) 8 203 107 99 139 200 301 205 119 
107 (0.000000,0.000000) 1 44 
99 (0.000000,0.000000) 1 44 
139 (0.000000,0.000000) 1 44 
200 (0.000000,0.000000) 1 44 
301 (0.000000,0.000000) 1 44 
205 (0.000000,0.000000) 1 44 
119 (0.000000,0.000000) 8 44 262 204 223 244 75 59 121 
262 (0.000000,0.000000) 1 119 
204 (0.000000,0.000000) 1 119 
223 (0.000000,0.000000) 1 119 
244 (0.000000,0.000000) 1 119 
75 (0.000000,0.000000) 1 119 
59 (0.000000,0.000000) 1 119 
121 (0.000000,0.000000) 8 119 230 229 345 324 209 337 133 
230 (0.000000,0.000000) 1 121 
229 (0.000000,0.000000) 1 121 
345 (0.000000,0.000000) 1 121 
324 (0.000000,0.000000) 1 121 
209 (0.000000,0.000000) 1 121 
337 (0.000000,0.000000) 1 121 
133 (0.000000,0.000000) 8 121 145 155 159 87 225 206 23 
145 (0.000000,0.000000) 1 133 
155 (0.000000,0.000000) 1 133 
159 (0.000000,0.000000) 1 133 
87 (0.000000,0.000000) 1 133 
225 (0.000000,0.000000) 1 133 
206 (0.000000,0.000000) 1 133 
23 (0.000000,0.000000) 1 133 
