54 (0.000000,0.000000) 4 915 686 456 975 
915 (0.000000,0.000000) 4 54 828 717 434 
828 (0.000000,0.000000) 4 915 303 137 935 
303 (0.000000,0.000000) 4 828 632 721 175 
632 (0.000000,0.000000) 4 303 786 833 699 
786 (0.000000,0.000000) 4 632 231 752 165 
231 (0.000000,0.000000) 4 786 12 682 73 
12 (0.000000,0.000000) 4 231 568 107 14 
568 (0.000000,0.000000) 4 12 351 380 246 
351 (0.000000,0.000000) 4 568 308 720 734 
308 (0.000000,0.000000) 4 351 340 382 50 
340 (0.000000,0.000000) 4 308 930 920 957 
930 (0.000000,0.000000) 4 340 217 164 254 
217 (0.000000,0.000000) 4 930 480 220 122 
480 (0.000000,0.000000) 4 217 704 640 530 
704 (0.000000,0.000000) 4 480 700 262 829 
700 (0.000000,0.000000) 4 704 91 41 272 
91 (0.000000,0.000000) 4 700 441 145 411 
441 (0.000000,0.000000) 4 91 927 942 129 
927 (0.000000,0.000000) 4 441 33 873 105 
33 (0.000000,0.000000) 4 927 330 570 864 
330 (0.000000,0.000000) 4 33 683 973 263 
683 (0.000000,0.000000) 4 330 765 365 198 
765 (0.000000,0.000000) 4 683 616 685 649 
616 (0.000000,0.000000) 4 765 962 932 769 
962 (0.000000,0.000000) 4 616 274 424 881 
274 (0.000000,0.000000) 4 962 276 928 913 
276 (0.000000,0.000000) 4 274 39 595 951 
39 (0.000000,0.000000) 4 276 924 183 608 
924 (0.000000,0.000000) 4 39 541 612 589 
541 (0.000000,0.000000) 4 924 444 402 952 
444 (0.000000,0.000000) 4 541 838 869 958 
838 (0.000000,0.000000) 4 444 369 681 633 
369 (0.000000,0.000000) 4 838 747 539 729 
747 (0.000000,0.000000) 4 369 470 941 690 
470 (0.000000,0.000000) 4 747 506 513 176 
506 (0.000000,0.000000) 4 470 329 290 543 
329 (0.000000,0.000000) 4 506 481 622 860 
481 (0.000000,0.000000) 4 329 425 971 230 
425 (0.000000,0.000000) 4 481 679 669 966 
679 (0.000000,0.000000) 4 425 140 694 430 
140 (0.000000,0.000000) 4 679 764 353 112 
764 (0.000000,0.000000) 4 140 960 209 258 
960 (0.000000,0.000000) 4 764 708 572 167 
708 (0.000000,0.000000) 4 960 243 580 938 
243 (0.000000,0.000000) 4 708 664 822 780 
664 (0.000000,0.000000) 4 243 760 964 601 
760 (0.000000,0.000000) 4 664 333 725 584 
333 (0.000000,0.000000) 4 760 456 763 502 
456 (0.000000,0.000000) 4 333 188 54 319 
686 (0.000000,0.000000) 4 54 717 646 188 
717 (0.000000,0.000000) 4 915 686 137 87 
137 (0.000000,0.000000) 4 828 717 721 552 
721 (0.000000,0.000000) 4 303 137 833 19 
833 (0.000000,0.000000) 4 632 721 752 976 
752 (0.000000,0.000000) 4 786 833 682 609 
682 (0.000000,0.000000) 4 231 752 107 965 
107 (0.000000,0.000000) 4 12 682 380 158 
380 (0.000000,0.000000) 4 568 107 720 573 
720 (0.000000,0.000000) 4 351 380 382 367 
382 (0.000000,0.000000) 4 308 720 920 378 
920 (0.000000,0.000000) 4 340 382 164 253 
164 (0.000000,0.000000) 4 930 920 220 905 
220 (0.000000,0.000000) 4 217 164 640 318 
640 (0.000000,0.000000) 4 480 220 262 546 
262 (0.000000,0.000000) 4 704 640 41 292 
41 (0.000000,0.000000) 4 700 262 145 736 
145 (0.000000,0.000000) 4 91 41 942 215 
942 (0.000000,0.000000) 4 441 145 873 337 
873 (0.000000,0.000000) 4 927 942 570 440 
570 (0.000000,0.000000) 4 33 873 973 155 
973 (0.000000,0.000000) 4 330 570 365 545 
365 (0.000000,0.000000) 4 683 973 685 363 
685 (0.000000,0.000000) 4 765 365 932 86 
932 (0.000000,0.000000) 4 616 685 424 718 
424 (0.000000,0.000000) 4 962 932 928 326 
928 (0.000000,0.000000) 4 274 424 595 162 
595 (0.000000,0.000000) 4 276 928 183 832 
183 (0.000000,0.000000) 4 39 595 612 807 
612 (0.000000,0.000000) 4 924 183 402 919 
402 (0.000000,0.000000) 4 541 612 869 417 
869 (0.000000,0.000000) 4 444 402 681 489 
681 (0.000000,0.000000) 4 838 869 539 937 
539 (0.000000,0.000000) 4 369 681 941 392 
941 (0.000000,0.000000) 4 747 539 513 449 
513 (0.000000,0.000000) 4 470 941 290 901 
290 (0.000000,0.000000) 4 506 513 622 21 
622 (0.000000,0.000000) 4 329 290 971 619 
971 (0.000000,0.000000) 4 481 622 669 631 
669 (0.000000,0.000000) 4 425 971 694 273 
694 (0.000000,0.000000) 4 679 669 353 523 
353 (0.000000,0.000000) 4 140 694 209 948 
209 (0.000000,0.000000) 4 764 353 572 390 
572 (0.000000,0.000000) 4 960 209 580 69 
580 (0.000000,0.000000) 4 708 572 822 591 
822 (0.000000,0.000000) 4 243 580 964 477 
964 (0.000000,0.000000) 4 664 822 725 635 
725 (0.000000,0.000000) 4 760 964 763 268 
763 (0.000000,0.000000) 4 333 725 188 141 
188 (0.000000,0.000000) 4 456 763 823 686 
646 (0.000000,0.000000) 4 686 87 630 823 
87 (0.000000,0.000000) 4 717 646 552 226 
552 (0.000000,0.000000) 4 137 87 19 892 
19 (0.000000,0.000000) 4 721 552 976 955 
976 (0.000000,0.000000) 4 833 19 609 388 
609 (0.000000,0.000000) 4 752 976 965 724 
965 (0.000000,0.000000) 4 682 609 158 819 
158 (0.000000,0.000000) 4 107 965 573 642 
573 (0.000000,0.000000) 4 380 158 367 235 
367 (0.000000,0.000000) 4 720 573 378 386 
378 (0.000000,0.000000) 4 382 367 253 978 
253 (0.000000,0.000000) 4 920 378 905 835 
905 (0.000000,0.000000) 4 164 253 318 182 
318 (0.000000,0.000000) 4 220 905 546 879 
546 (0.000000,0.000000) 4 640 318 292 207 
292 (0.000000,0.000000) 4 262 546 736 801 
736 (0.000000,0.000000) 4 41 292 215 509 
215 (0.000000,0.000000) 4 145 736 337 675 
337 (0.000000,0.000000) 4 942 215 440 808 
440 (0.000000,0.000000) 4 873 337 155 221 
155 (0.000000,0.000000) 4 570 440 545 95 
545 (0.000000,0.000000) 4 973 155 363 751 
363 (0.000000,0.000000) 4 365 545 86 49 
86 (0.000000,0.000000) 4 685 363 718 81 
718 (0.000000,0.000000) 4 932 86 326 29 
326 (0.000000,0.000000) 4 424 718 162 316 
162 (0.000000,0.000000) 4 928 326 832 852 
832 (0.000000,0.000000) 4 595 162 807 945 
807 (0.000000,0.000000) 4 183 832 919 799 
919 (0.000000,0.000000) 4 612 807 417 251 
417 (0.000000,0.000000) 4 402 919 489 538 
489 (0.000000,0.000000) 4 869 417 937 818 
937 (0.000000,0.000000) 4 681 489 392 421 
392 (0.000000,0.000000) 4 539 937 449 435 
449 (0.000000,0.000000) 4 941 392 901 811 
901 (0.000000,0.000000) 4 513 449 21 656 
21 (0.000000,0.000000) 4 290 901 619 821 
619 (0.000000,0.000000) 4 622 21 631 740 
631 (0.000000,0.000000) 4 971 619 273 985 
273 (0.000000,0.000000) 4 669 631 523 7 
523 (0.000000,0.000000) 4 694 273 948 213 
948 (0.000000,0.000000) 4 353 523 390 426 
390 (0.000000,0.000000) 4 209 948 69 75 
69 (0.000000,0.000000) 4 572 390 591 44 
591 (0.000000,0.000000) 4 580 69 477 100 
477 (0.000000,0.000000) 4 822 591 635 883 
635 (0.000000,0.000000) 4 964 477 268 264 
268 (0.000000,0.000000) 4 725 635 141 547 
141 (0.000000,0.000000) 4 763 268 823 627 
823 (0.000000,0.000000) 4 188 141 13 646 
630 (0.000000,0.000000) 4 646 226 331 13 
226 (0.000000,0.000000) 4 87 630 892 216 
892 (0.000000,0.000000) 4 552 226 955 702 
955 (0.000000,0.000000) 4 19 892 388 311 
388 (0.000000,0.000000) 4 976 955 724 877 
724 (0.000000,0.000000) 4 609 388 819 239 
819 (0.000000,0.000000) 4 965 724 642 128 
642 (0.000000,0.000000) 4 158 819 235 298 
235 (0.000000,0.000000) 4 573 642 386 25 
386 (0.000000,0.000000) 4 367 235 978 291 
978 (0.000000,0.000000) 4 378 386 835 305 
835 (0.000000,0.000000) 4 253 978 182 197 
182 (0.000000,0.000000) 4 905 835 879 289 
879 (0.000000,0.000000) 4 318 182 207 203 
207 (0.000000,0.000000) 4 546 879 801 655 
801 (0.000000,0.000000) 4 292 207 509 856 
509 (0.000000,0.000000) 4 736 801 675 416 
675 (0.000000,0.000000) 4 215 509 808 80 
808 (0.000000,0.000000) 4 337 675 221 459 
221 (0.000000,0.000000) 4 440 808 95 532 
95 (0.000000,0.000000) 4 155 221 751 78 
751 (0.000000,0.000000) 4 545 95 49 148 
49 (0.000000,0.000000) 4 363 751 81 738 
81 (0.000000,0.000000) 4 86 49 29 56 
29 (0.000000,0.000000) 4 718 81 316 161 
316 (0.000000,0.000000) 4 326 29 852 607 
852 (0.000000,0.000000) 4 162 316 945 376 
945 (0.000000,0.000000) 4 832 852 799 47 
799 (0.000000,0.000000) 4 807 945 251 660 
251 (0.000000,0.000000) 4 919 799 538 250 
538 (0.000000,0.000000) 4 417 251 818 166 
818 (0.000000,0.000000) 4 489 538 421 275 
421 (0.000000,0.000000) 4 937 818 435 229 
435 (0.000000,0.000000) 4 392 421 811 471 
811 (0.000000,0.000000) 4 449 435 656 189 
656 (0.000000,0.000000) 4 901 811 821 674 
821 (0.000000,0.000000) 4 21 656 740 844 
740 (0.000000,0.000000) 4 619 821 985 89 
985 (0.000000,0.000000) 4 631 740 7 923 
7 (0.000000,0.000000) 4 273 985 213 654 
213 (0.000000,0.000000) 4 523 7 426 454 
426 (0.000000,0.000000) 4 948 213 75 817 
75 (0.000000,0.000000) 4 390 426 44 711 
44 (0.000000,0.000000) 4 69 75 100 125 
100 (0.000000,0.000000) 4 591 44 883 131 
883 (0.000000,0.000000) 4 477 100 264 249 
264 (0.000000,0.000000) 4 635 883 547 177 
547 (0.000000,0.000000) 4 268 264 627 909 
627 (0.000000,0.000000) 4 141 547 13 890 
13 (0.000000,0.000000) 4 823 627 452 630 
331 (0.000000,0.000000) 4 630 216 407 452 
216 (0.000000,0.000000) 4 226 331 702 432 
702 (0.000000,0.000000) 4 892 216 311 214 
311 (0.000000,0.000000) 4 955 702 877 604 
877 (0.000000,0.000000) 4 388 311 239 255 
239 (0.000000,0.000000) 4 724 877 128 825 
128 (0.000000,0.000000) 4 819 239 298 245 
298 (0.000000,0.000000) 4 642 128 25 548 
25 (0.000000,0.000000) 4 235 298 291 368 
291 (0.000000,0.000000) 4 386 25 305 520 
305 (0.000000,0.000000) 4 978 291 197 201 
197 (0.000000,0.000000) 4 835 305 289 266 
289 (0.000000,0.000000) 4 182 197 203 325 
203 (0.000000,0.000000) 4 879 289 655 370 
655 (0.000000,0.000000) 4 207 203 856 208 
856 (0.000000,0.000000) 4 801 655 416 334 
416 (0.000000,0.000000) 4 509 856 80 301 
80 (0.000000,0.000000) 4 675 416 459 850 
459 (0.000000,0.000000) 4 808 80 532 810 
532 (0.000000,0.000000) 4 221 459 78 783 
78 (0.000000,0.000000) 4 95 532 148 98 
148 (0.000000,0.000000) 4 751 78 738 358 
738 (0.000000,0.000000) 4 49 148 56 902 
56 (0.000000,0.000000) 4 81 738 161 115 
161 (0.000000,0.000000) 4 29 56 607 516 
607 (0.000000,0.000000) 4 316 161 376 490 
376 (0.000000,0.000000) 4 852 607 47 299 
47 (0.000000,0.000000) 4 945 376 660 521 
660 (0.000000,0.000000) 4 799 47 250 446 
250 (0.000000,0.000000) 4 251 660 166 270 
166 (0.000000,0.000000) 4 538 250 275 184 
275 (0.000000,0.000000) 4 818 166 229 519 
229 (0.000000,0.000000) 4 421 275 471 169 
471 (0.000000,0.000000) 4 435 229 189 551 
189 (0.000000,0.000000) 4 811 471 674 722 
674 (0.000000,0.000000) 4 656 189 844 715 
844 (0.000000,0.000000) 4 821 674 89 759 
89 (0.000000,0.000000) 4 740 844 923 776 
923 (0.000000,0.000000) 4 985 89 654 59 
654 (0.000000,0.000000) 4 7 923 454 123 
454 (0.000000,0.000000) 4 213 654 817 193 
817 (0.000000,0.000000) 4 426 454 711 503 
711 (0.000000,0.000000) 4 75 817 125 617 
125 (0.000000,0.000000) 4 44 711 131 797 
131 (0.000000,0.000000) 4 100 125 249 862 
249 (0.000000,0.000000) 4 883 131 177 447 
177 (0.000000,0.000000) 4 264 249 909 735 
909 (0.000000,0.000000) 4 547 177 890 256 
890 (0.000000,0.000000) 4 627 909 452 352 
452 (0.000000,0.000000) 4 13 890 9 331 
407 (0.000000,0.000000) 4 331 432 535 9 
432 (0.000000,0.000000) 4 216 407 214 45 
214 (0.000000,0.000000) 4 702 432 604 438 
604 (0.000000,0.000000) 4 311 214 255 269 
255 (0.000000,0.000000) 4 877 604 825 118 
825 (0.000000,0.000000) 4 239 255 245 606 
245 (0.000000,0.000000) 4 128 825 548 983 
548 (0.000000,0.000000) 4 298 245 368 560 
368 (0.000000,0.000000) 4 25 548 520 716 
520 (0.000000,0.000000) 4 291 368 201 687 
201 (0.000000,0.000000) 4 305 520 266 126 
266 (0.000000,0.000000) 4 197 201 325 730 
325 (0.000000,0.000000) 4 289 266 370 623 
370 (0.000000,0.000000) 4 203 325 208 820 
208 (0.000000,0.000000) 4 655 370 334 582 
334 (0.000000,0.000000) 4 856 208 301 478 
301 (0.000000,0.000000) 4 416 334 850 789 
850 (0.000000,0.000000) 4 80 301 810 691 
810 (0.000000,0.000000) 4 459 850 783 599 
783 (0.000000,0.000000) 4 532 810 98 854 
98 (0.000000,0.000000) 4 78 783 358 528 
358 (0.000000,0.000000) 4 148 98 902 785 
902 (0.000000,0.000000) 4 738 358 115 62 
115 (0.000000,0.000000) 4 56 902 516 851 
516 (0.000000,0.000000) 4 161 115 490 284 
490 (0.000000,0.000000) 4 607 516 299 596 
299 (0.000000,0.000000) 4 376 490 521 842 
521 (0.000000,0.000000) 4 47 299 446 648 
446 (0.000000,0.000000) 4 660 521 270 602 
270 (0.000000,0.000000) 4 250 446 184 816 
184 (0.000000,0.000000) 4 166 270 519 484 
519 (0.000000,0.000000) 4 275 184 169 277 
169 (0.000000,0.000000) 4 229 519 551 611 
551 (0.000000,0.000000) 4 471 169 722 875 
722 (0.000000,0.000000) 4 189 551 715 37 
715 (0.000000,0.000000) 4 674 722 759 35 
759 (0.000000,0.000000) 4 844 715 776 916 
776 (0.000000,0.000000) 4 89 759 59 638 
59 (0.000000,0.000000) 4 923 776 123 180 
123 (0.000000,0.000000) 4 654 59 193 233 
193 (0.000000,0.000000) 4 454 123 503 988 
503 (0.000000,0.000000) 4 817 193 617 510 
617 (0.000000,0.000000) 4 711 503 797 581 
797 (0.000000,0.000000) 4 125 617 862 748 
862 (0.000000,0.000000) 4 131 797 447 826 
447 (0.000000,0.000000) 4 249 862 735 461 
735 (0.000000,0.000000) 4 177 447 256 839 
256 (0.000000,0.000000) 4 909 735 352 314 
352 (0.000000,0.000000) 4 890 256 9 296 
9 (0.000000,0.000000) 4 452 352 758 407 
535 (0.000000,0.000000) 4 407 45 590 758 
45 (0.000000,0.000000) 4 432 535 438 897 
438 (0.000000,0.000000) 4 214 45 269 755 
269 (0.000000,0.000000) 4 604 438 118 247 
118 (0.000000,0.000000) 4 255 269 606 813 
606 (0.000000,0.000000) 4 825 118 983 926 
983 (0.000000,0.000000) 4 245 606 560 142 
560 (0.000000,0.000000) 4 548 983 716 397 
716 (0.000000,0.000000) 4 368 560 687 321 
687 (0.000000,0.000000) 4 520 716 126 981 
126 (0.000000,0.000000) 4 201 687 730 963 
730 (0.000000,0.000000) 4 266 126 623 170 
623 (0.000000,0.000000) 4 325 730 820 569 
820 (0.000000,0.000000) 4 370 623 582 652 
582 (0.000000,0.000000) 4 208 820 478 400 
478 (0.000000,0.000000) 4 334 582 789 588 
789 (0.000000,0.000000) 4 301 478 691 238 
691 (0.000000,0.000000) 4 850 789 599 884 
599 (0.000000,0.000000) 4 810 691 854 347 
854 (0.000000,0.000000) 4 783 599 528 469 
528 (0.000000,0.000000) 4 98 854 785 173 
785 (0.000000,0.000000) 4 358 528 62 746 
62 (0.000000,0.000000) 4 902 785 851 593 
851 (0.000000,0.000000) 4 115 62 284 505 
284 (0.000000,0.000000) 4 516 851 596 680 
596 (0.000000,0.000000) 4 490 284 842 914 
842 (0.000000,0.000000) 4 299 596 648 733 
648 (0.000000,0.000000) 4 521 842 602 695 
602 (0.000000,0.000000) 4 446 648 816 732 
816 (0.000000,0.000000) 4 270 602 484 742 
484 (0.000000,0.000000) 4 184 816 277 615 
277 (0.000000,0.000000) 4 519 484 611 383 
611 (0.000000,0.000000) 4 169 277 875 772 
875 (0.000000,0.000000) 4 551 611 37 782 
37 (0.000000,0.000000) 4 722 875 35 628 
35 (0.000000,0.000000) 4 715 37 916 564 
916 (0.000000,0.000000) 4 759 35 638 366 
638 (0.000000,0.000000) 4 776 916 180 907 
180 (0.000000,0.000000) 4 59 638 233 307 
233 (0.000000,0.000000) 4 123 180 988 947 
988 (0.000000,0.000000) 4 193 233 510 252 
510 (0.000000,0.000000) 4 503 988 581 398 
581 (0.000000,0.000000) 4 617 510 748 997 
748 (0.000000,0.000000) 4 797 581 826 641 
826 (0.000000,0.000000) 4 862 748 461 343 
461 (0.000000,0.000000) 4 447 826 839 853 
839 (0.000000,0.000000) 4 735 461 314 672 
314 (0.000000,0.000000) 4 256 839 296 585 
296 (0.000000,0.000000) 4 352 314 758 414 
758 (0.000000,0.000000) 4 9 296 922 535 
590 (0.000000,0.000000) 4 535 897 597 922 
897 (0.000000,0.000000) 4 45 590 755 338 
755 (0.000000,0.000000) 4 438 897 247 578 
247 (0.000000,0.000000) 4 269 755 813 18 
813 (0.000000,0.000000) 4 118 247 926 949 
926 (0.000000,0.000000) 4 606 813 142 934 
142 (0.000000,0.000000) 4 983 926 397 666 
397 (0.000000,0.000000) 4 560 142 321 727 
321 (0.000000,0.000000) 4 716 397 981 592 
981 (0.000000,0.000000) 4 687 321 963 911 
963 (0.000000,0.000000) 4 126 981 170 620 
170 (0.000000,0.000000) 4 730 963 569 288 
569 (0.000000,0.000000) 4 623 170 652 48 
652 (0.000000,0.000000) 4 820 569 400 900 
400 (0.000000,0.000000) 4 582 652 588 237 
588 (0.000000,0.000000) 4 478 400 238 836 
238 (0.000000,0.000000) 4 789 588 884 731 
884 (0.000000,0.000000) 4 691 238 347 689 
347 (0.000000,0.000000) 4 599 884 469 103 
469 (0.000000,0.000000) 4 854 347 173 457 
173 (0.000000,0.000000) 4 528 469 746 109 
746 (0.000000,0.000000) 4 785 173 593 472 
593 (0.000000,0.000000) 4 62 746 505 757 
505 (0.000000,0.000000) 4 851 593 680 929 
680 (0.000000,0.000000) 4 284 505 914 774 
914 (0.000000,0.000000) 4 596 680 733 349 
733 (0.000000,0.000000) 4 842 914 695 222 
695 (0.000000,0.000000) 4 648 733 732 886 
732 (0.000000,0.000000) 4 602 695 742 241 
742 (0.000000,0.000000) 4 816 732 615 525 
615 (0.000000,0.000000) 4 484 742 383 320 
383 (0.000000,0.000000) 4 277 615 772 571 
772 (0.000000,0.000000) 4 611 383 782 487 
782 (0.000000,0.000000) 4 875 772 628 156 
628 (0.000000,0.000000) 4 37 782 564 575 
564 (0.000000,0.000000) 4 35 628 366 550 
366 (0.000000,0.000000) 4 916 564 907 794 
907 (0.000000,0.000000) 4 638 366 307 96 
307 (0.000000,0.000000) 4 180 907 947 265 
947 (0.000000,0.000000) 4 233 307 252 24 
252 (0.000000,0.000000) 4 988 947 398 22 
398 (0.000000,0.000000) 4 510 252 997 650 
997 (0.000000,0.000000) 4 581 398 641 959 
641 (0.000000,0.000000) 4 748 997 343 242 
343 (0.000000,0.000000) 4 826 641 853 618 
853 (0.000000,0.000000) 4 461 343 672 94 
672 (0.000000,0.000000) 4 839 853 585 989 
585 (0.000000,0.000000) 4 314 672 414 83 
414 (0.000000,0.000000) 4 296 585 922 944 
922 (0.000000,0.000000) 4 758 414 871 590 
597 (0.000000,0.000000) 4 590 338 324 871 
338 (0.000000,0.000000) 4 897 597 578 493 
578 (0.000000,0.000000) 4 755 338 18 210 
18 (0.000000,0.000000) 4 247 578 949 355 
949 (0.000000,0.000000) 4 813 18 934 950 
934 (0.000000,0.000000) 4 926 949 666 992 
666 (0.000000,0.000000) 4 142 934 727 497 
727 (0.000000,0.000000) 4 397 666 592 65 
592 (0.000000,0.000000) 4 321 727 911 684 
911 (0.000000,0.000000) 4 981 592 620 507 
620 (0.000000,0.000000) 4 963 911 288 371 
288 (0.000000,0.000000) 4 170 620 48 847 
48 (0.000000,0.000000) 4 569 288 900 977 
900 (0.000000,0.000000) 4 652 48 237 302 
237 (0.000000,0.000000) 4 400 900 836 224 
836 (0.000000,0.000000) 4 588 237 731 143 
731 (0.000000,0.000000) 4 238 836 689 63 
689 (0.000000,0.000000) 4 884 731 103 58 
103 (0.000000,0.000000) 4 347 689 457 866 
457 (0.000000,0.000000) 4 469 103 109 474 
109 (0.000000,0.000000) 4 173 457 472 910 
472 (0.000000,0.000000) 4 746 109 757 775 
757 (0.000000,0.000000) 4 593 472 929 372 
929 (0.000000,0.000000) 4 505 757 774 809 
774 (0.000000,0.000000) 4 680 929 349 437 
349 (0.000000,0.000000) 4 914 774 222 281 
222 (0.000000,0.000000) 4 733 349 886 492 
886 (0.000000,0.000000) 4 695 222 241 812 
241 (0.000000,0.000000) 4 732 886 525 101 
525 (0.000000,0.000000) 4 742 241 320 891 
320 (0.000000,0.000000) 4 615 525 571 139 
571 (0.000000,0.000000) 4 383 320 487 219 
487 (0.000000,0.000000) 4 772 571 156 179 
156 (0.000000,0.000000) 4 782 487 575 20 
575 (0.000000,0.000000) 4 628 156 550 986 
550 (0.000000,0.000000) 4 564 575 794 594 
794 (0.000000,0.000000) 4 366 550 96 88 
96 (0.000000,0.000000) 4 907 794 265 42 
265 (0.000000,0.000000) 4 307 96 24 448 
24 (0.000000,0.000000) 4 947 265 22 987 
22 (0.000000,0.000000) 4 252 24 650 451 
650 (0.000000,0.000000) 4 398 22 959 313 
959 (0.000000,0.000000) 4 997 650 242 831 
242 (0.000000,0.000000) 4 641 959 618 574 
618 (0.000000,0.000000) 4 343 242 94 586 
94 (0.000000,0.000000) 4 853 618 989 332 
989 (0.000000,0.000000) 4 672 94 83 991 
83 (0.000000,0.000000) 4 585 989 944 802 
944 (0.000000,0.000000) 4 414 83 871 64 
871 (0.000000,0.000000) 4 922 944 6 597 
324 (0.000000,0.000000) 4 597 493 306 6 
493 (0.000000,0.000000) 4 338 324 210 936 
210 (0.000000,0.000000) 4 578 493 355 134 
355 (0.000000,0.000000) 4 18 210 950 467 
950 (0.000000,0.000000) 4 949 355 992 705 
992 (0.000000,0.000000) 4 934 950 497 60 
497 (0.000000,0.000000) 4 666 992 65 171 
65 (0.000000,0.000000) 4 727 497 684 743 
684 (0.000000,0.000000) 4 592 65 507 379 
507 (0.000000,0.000000) 4 911 684 371 745 
371 (0.000000,0.000000) 4 620 507 847 76 
847 (0.000000,0.000000) 4 288 371 977 15 
977 (0.000000,0.000000) 4 48 847 302 898 
302 (0.000000,0.000000) 4 900 977 224 517 
224 (0.000000,0.000000) 4 237 302 143 236 
143 (0.000000,0.000000) 4 836 224 63 636 
63 (0.000000,0.000000) 4 731 143 58 3 
58 (0.000000,0.000000) 4 689 63 866 918 
866 (0.000000,0.000000) 4 103 58 474 874 
474 (0.000000,0.000000) 4 457 866 910 707 
910 (0.000000,0.000000) 4 109 474 775 453 
775 (0.000000,0.000000) 4 472 910 372 187 
372 (0.000000,0.000000) 4 757 775 809 750 
809 (0.000000,0.000000) 4 929 372 437 1 
437 (0.000000,0.000000) 4 774 809 281 102 
281 (0.000000,0.000000) 4 349 437 492 172 
492 (0.000000,0.000000) 4 222 281 812 312 
812 (0.000000,0.000000) 4 886 492 101 598 
101 (0.000000,0.000000) 4 241 812 891 567 
891 (0.000000,0.000000) 4 525 101 139 662 
139 (0.000000,0.000000) 4 320 891 219 984 
219 (0.000000,0.000000) 4 571 139 179 559 
179 (0.000000,0.000000) 4 487 219 20 779 
20 (0.000000,0.000000) 4 156 179 986 500 
986 (0.000000,0.000000) 4 575 20 594 304 
594 (0.000000,0.000000) 4 550 986 88 515 
88 (0.000000,0.000000) 4 794 594 42 768 
42 (0.000000,0.000000) 4 96 88 448 475 
448 (0.000000,0.000000) 4 265 42 987 558 
987 (0.000000,0.000000) 4 24 448 451 279 
451 (0.000000,0.000000) 4 22 987 313 659 
313 (0.000000,0.000000) 4 650 451 831 151 
831 (0.000000,0.000000) 4 959 313 574 361 
574 (0.000000,0.000000) 4 242 831 586 610 
586 (0.000000,0.000000) 4 618 574 332 587 
332 (0.000000,0.000000) 4 94 586 991 364 
991 (0.000000,0.000000) 4 989 332 802 181 
802 (0.000000,0.000000) 4 83 991 64 494 
64 (0.000000,0.000000) 4 944 802 6 422 
6 (0.000000,0.000000) 4 871 64 327 324 
306 (0.000000,0.000000) 4 324 936 260 327 
936 (0.000000,0.000000) 4 493 306 134 77 
134 (0.000000,0.000000) 4 210 936 467 27 
467 (0.000000,0.000000) 4 355 134 705 483 
705 (0.000000,0.000000) 4 950 467 60 342 
60 (0.000000,0.000000) 4 992 705 171 113 
171 (0.000000,0.000000) 4 497 60 743 676 
743 (0.000000,0.000000) 4 65 171 379 849 
379 (0.000000,0.000000) 4 684 743 745 157 
745 (0.000000,0.000000) 4 507 379 76 806 
76 (0.000000,0.000000) 4 371 745 15 579 
15 (0.000000,0.000000) 4 847 76 898 643 
898 (0.000000,0.000000) 4 977 15 517 624 
517 (0.000000,0.000000) 4 302 898 236 651 
236 (0.000000,0.000000) 4 224 517 636 766 
636 (0.000000,0.000000) 4 143 236 3 855 
3 (0.000000,0.000000) 4 63 636 918 261 
918 (0.000000,0.000000) 4 58 3 874 954 
874 (0.000000,0.000000) 4 866 918 707 443 
707 (0.000000,0.000000) 4 474 874 453 460 
453 (0.000000,0.000000) 4 910 707 187 135 
187 (0.000000,0.000000) 4 775 453 750 637 
750 (0.000000,0.000000) 4 372 187 1 374 
1 (0.000000,0.000000) 4 809 750 102 385 
102 (0.000000,0.000000) 4 437 1 172 714 
172 (0.000000,0.000000) 4 281 102 312 861 
312 (0.000000,0.000000) 4 492 172 598 218 
598 (0.000000,0.000000) 4 812 312 567 709 
567 (0.000000,0.000000) 4 101 598 662 479 
662 (0.000000,0.000000) 4 891 567 984 206 
984 (0.000000,0.000000) 4 139 662 559 335 
559 (0.000000,0.000000) 4 219 984 779 693 
779 (0.000000,0.000000) 4 179 559 500 514 
500 (0.000000,0.000000) 4 20 779 304 359 
304 (0.000000,0.000000) 4 986 500 515 496 
515 (0.000000,0.000000) 4 594 304 768 673 
768 (0.000000,0.000000) 4 88 515 475 244 
475 (0.000000,0.000000) 4 42 768 558 67 
558 (0.000000,0.000000) 4 448 475 279 798 
279 (0.000000,0.000000) 4 987 558 659 186 
659 (0.000000,0.000000) 4 451 279 151 287 
151 (0.000000,0.000000) 4 313 659 361 16 
361 (0.000000,0.000000) 4 831 151 610 466 
610 (0.000000,0.000000) 4 574 361 587 974 
587 (0.000000,0.000000) 4 586 610 364 28 
364 (0.000000,0.000000) 4 332 587 181 634 
181 (0.000000,0.000000) 4 991 364 494 605 
494 (0.000000,0.000000) 4 802 181 422 52 
422 (0.000000,0.000000) 4 64 494 327 79 
327 (0.000000,0.000000) 4 6 422 104 306 
260 (0.000000,0.000000) 4 306 77 93 104 
77 (0.000000,0.000000) 4 936 260 27 191 
27 (0.000000,0.000000) 4 134 77 483 232 
483 (0.000000,0.000000) 4 467 27 342 701 
342 (0.000000,0.000000) 4 705 483 113 85 
113 (0.000000,0.000000) 4 60 342 676 309 
676 (0.000000,0.000000) 4 171 113 849 163 
849 (0.000000,0.000000) 4 743 676 157 754 
157 (0.000000,0.000000) 4 379 849 806 106 
806 (0.000000,0.000000) 4 745 157 579 384 
579 (0.000000,0.000000) 4 76 806 643 420 
643 (0.000000,0.000000) 4 15 579 624 154 
624 (0.000000,0.000000) 4 898 643 651 121 
651 (0.000000,0.000000) 4 517 624 766 939 
766 (0.000000,0.000000) 4 236 651 855 663 
855 (0.000000,0.000000) 4 636 766 261 566 
261 (0.000000,0.000000) 4 3 855 954 415 
954 (0.000000,0.000000) 4 918 261 443 240 
443 (0.000000,0.000000) 4 874 954 460 882 
460 (0.000000,0.000000) 4 707 443 135 912 
135 (0.000000,0.000000) 4 453 460 637 396 
637 (0.000000,0.000000) 4 187 135 374 665 
374 (0.000000,0.000000) 4 750 637 385 943 
385 (0.000000,0.000000) 4 1 374 714 979 
714 (0.000000,0.000000) 4 102 385 861 130 
861 (0.000000,0.000000) 4 172 714 218 996 
218 (0.000000,0.000000) 4 312 861 709 119 
709 (0.000000,0.000000) 4 598 218 479 621 
479 (0.000000,0.000000) 4 567 709 206 728 
206 (0.000000,0.000000) 4 662 479 335 317 
335 (0.000000,0.000000) 4 984 206 693 4 
693 (0.000000,0.000000) 4 559 335 514 529 
514 (0.000000,0.000000) 4 779 693 359 495 
359 (0.000000,0.000000) 4 500 514 496 837 
496 (0.000000,0.000000) 4 304 359 673 894 
673 (0.000000,0.000000) 4 515 496 244 350 
244 (0.000000,0.000000) 4 768 673 67 741 
67 (0.000000,0.000000) 4 475 244 798 970 
798 (0.000000,0.000000) 4 558 67 186 719 
186 (0.000000,0.000000) 4 279 798 287 540 
287 (0.000000,0.000000) 4 659 186 16 863 
16 (0.000000,0.000000) 4 151 287 466 391 
466 (0.000000,0.000000) 4 361 16 974 796 
974 (0.000000,0.000000) 4 610 466 28 26 
28 (0.000000,0.000000) 4 587 974 634 998 
634 (0.000000,0.000000) 4 364 28 605 476 
605 (0.000000,0.000000) 4 181 634 52 726 
52 (0.000000,0.000000) 4 494 605 79 463 
79 (0.000000,0.000000) 4 422 52 104 294 
104 (0.000000,0.000000) 4 327 79 792 260 
93 (0.000000,0.000000) 4 260 191 36 792 
191 (0.000000,0.000000) 4 77 93 232 626 
232 (0.000000,0.000000) 4 27 191 701 990 
701 (0.000000,0.000000) 4 483 232 85 455 
85 (0.000000,0.000000) 4 342 701 309 433 
309 (0.000000,0.000000) 4 113 85 163 917 
163 (0.000000,0.000000) 4 676 309 754 293 
754 (0.000000,0.000000) 4 849 163 106 522 
106 (0.000000,0.000000) 4 157 754 384 202 
384 (0.000000,0.000000) 4 806 106 420 713 
420 (0.000000,0.000000) 4 579 384 154 328 
154 (0.000000,0.000000) 4 643 420 121 857 
121 (0.000000,0.000000) 4 624 154 939 499 
939 (0.000000,0.000000) 4 651 121 663 31 
663 (0.000000,0.000000) 4 766 939 566 146 
566 (0.000000,0.000000) 4 855 663 415 34 
415 (0.000000,0.000000) 4 261 566 240 972 
240 (0.000000,0.000000) 4 954 415 882 534 
882 (0.000000,0.000000) 4 443 240 912 174 
912 (0.000000,0.000000) 4 460 882 396 542 
396 (0.000000,0.000000) 4 135 912 665 533 
665 (0.000000,0.000000) 4 637 396 943 310 
943 (0.000000,0.000000) 4 374 665 979 614 
979 (0.000000,0.000000) 4 385 943 130 336 
130 (0.000000,0.000000) 4 714 979 996 339 
996 (0.000000,0.000000) 4 861 130 119 583 
119 (0.000000,0.000000) 4 218 996 621 473 
621 (0.000000,0.000000) 4 709 119 728 925 
728 (0.000000,0.000000) 4 479 621 317 450 
317 (0.000000,0.000000) 4 206 728 4 257 
4 (0.000000,0.000000) 4 335 317 529 804 
529 (0.000000,0.000000) 4 693 4 495 953 
495 (0.000000,0.000000) 4 514 529 837 625 
837 (0.000000,0.000000) 4 359 495 894 297 
894 (0.000000,0.000000) 4 496 837 350 381 
350 (0.000000,0.000000) 4 673 894 741 38 
741 (0.000000,0.000000) 4 244 350 970 889 
970 (0.000000,0.000000) 4 67 741 719 841 
719 (0.000000,0.000000) 4 798 970 540 549 
540 (0.000000,0.000000) 4 186 719 863 99 
863 (0.000000,0.000000) 4 287 540 391 462 
391 (0.000000,0.000000) 4 16 863 796 92 
796 (0.000000,0.000000) 4 466 391 26 68 
26 (0.000000,0.000000) 4 974 796 998 788 
998 (0.000000,0.000000) 4 28 26 476 136 
476 (0.000000,0.000000) 4 634 998 726 968 
726 (0.000000,0.000000) 4 605 476 463 429 
463 (0.000000,0.000000) 4 52 726 294 508 
294 (0.000000,0.000000) 4 79 463 792 603 
792 (0.000000,0.000000) 4 104 294 904 93 
36 (0.000000,0.000000) 4 93 626 504 904 
626 (0.000000,0.000000) 4 191 36 990 867 
990 (0.000000,0.000000) 4 232 626 455 830 
455 (0.000000,0.000000) 4 701 990 433 482 
433 (0.000000,0.000000) 4 85 455 917 168 
917 (0.000000,0.000000) 4 309 433 293 373 
293 (0.000000,0.000000) 4 163 917 522 488 
522 (0.000000,0.000000) 4 754 293 202 2 
202 (0.000000,0.000000) 4 106 522 713 536 
713 (0.000000,0.000000) 4 384 202 328 300 
328 (0.000000,0.000000) 4 420 713 857 199 
857 (0.000000,0.000000) 4 154 328 499 770 
499 (0.000000,0.000000) 4 121 857 31 557 
31 (0.000000,0.000000) 4 939 499 146 286 
146 (0.000000,0.000000) 4 663 31 34 749 
34 (0.000000,0.000000) 4 566 146 972 787 
972 (0.000000,0.000000) 4 415 34 534 512 
534 (0.000000,0.000000) 4 240 972 174 999 
174 (0.000000,0.000000) 4 882 534 542 653 
542 (0.000000,0.000000) 4 912 174 533 465 
533 (0.000000,0.000000) 4 396 542 310 671 
310 (0.000000,0.000000) 4 665 533 614 97 
614 (0.000000,0.000000) 4 943 310 336 744 
336 (0.000000,0.000000) 4 979 614 339 248 
339 (0.000000,0.000000) 4 130 336 583 111 
583 (0.000000,0.000000) 4 996 339 473 285 
473 (0.000000,0.000000) 4 119 583 925 697 
925 (0.000000,0.000000) 4 621 473 450 896 
450 (0.000000,0.000000) 4 728 925 257 362 
257 (0.000000,0.000000) 4 317 450 804 678 
804 (0.000000,0.000000) 4 4 257 953 413 
953 (0.000000,0.000000) 4 529 804 625 688 
625 (0.000000,0.000000) 4 495 953 297 116 
297 (0.000000,0.000000) 4 837 625 381 865 
381 (0.000000,0.000000) 4 894 297 38 464 
38 (0.000000,0.000000) 4 350 381 889 17 
889 (0.000000,0.000000) 4 741 38 841 848 
841 (0.000000,0.000000) 4 970 889 549 845 
549 (0.000000,0.000000) 4 719 841 99 703 
99 (0.000000,0.000000) 4 540 549 462 771 
462 (0.000000,0.000000) 4 863 99 92 393 
92 (0.000000,0.000000) 4 391 462 68 921 
68 (0.000000,0.000000) 4 796 92 788 613 
788 (0.000000,0.000000) 4 26 68 136 468 
136 (0.000000,0.000000) 4 998 788 968 706 
968 (0.000000,0.000000) 4 476 136 429 956 
429 (0.000000,0.000000) 4 726 968 508 190 
508 (0.000000,0.000000) 4 463 429 603 524 
603 (0.000000,0.000000) 4 294 508 904 556 
904 (0.000000,0.000000) 4 792 603 790 36 
504 (0.000000,0.000000) 4 36 867 345 790 
867 (0.000000,0.000000) 4 626 504 830 885 
830 (0.000000,0.000000) 4 990 867 482 159 
482 (0.000000,0.000000) 4 455 830 168 657 
168 (0.000000,0.000000) 4 433 482 373 147 
373 (0.000000,0.000000) 4 917 168 488 969 
488 (0.000000,0.000000) 4 293 373 2 212 
2 (0.000000,0.000000) 4 522 488 536 893 
536 (0.000000,0.000000) 4 202 2 300 412 
300 (0.000000,0.000000) 4 713 536 199 800 
199 (0.000000,0.000000) 4 328 300 770 61 
770 (0.000000,0.000000) 4 857 199 557 72 
557 (0.000000,0.000000) 4 499 770 286 410 
286 (0.000000,0.000000) 4 31 557 749 931 
749 (0.000000,0.000000) 4 146 286 787 870 
787 (0.000000,0.000000) 4 34 749 512 160 
512 (0.000000,0.000000) 4 972 787 999 377 
999 (0.000000,0.000000) 4 534 512 653 404 
653 (0.000000,0.000000) 4 174 999 465 781 
465 (0.000000,0.000000) 4 542 653 671 427 
671 (0.000000,0.000000) 4 533 465 97 858 
97 (0.000000,0.000000) 4 310 671 744 498 
744 (0.000000,0.000000) 4 614 97 248 658 
248 (0.000000,0.000000) 4 336 744 111 348 
111 (0.000000,0.000000) 4 339 248 285 888 
285 (0.000000,0.000000) 4 583 111 697 150 
697 (0.000000,0.000000) 4 473 285 896 43 
896 (0.000000,0.000000) 4 925 697 362 526 
362 (0.000000,0.000000) 4 450 896 678 133 
678 (0.000000,0.000000) 4 257 362 413 803 
413 (0.000000,0.000000) 4 804 678 688 66 
688 (0.000000,0.000000) 4 953 413 116 439 
116 (0.000000,0.000000) 4 625 688 865 445 
865 (0.000000,0.000000) 4 297 116 464 271 
464 (0.000000,0.000000) 4 381 865 17 153 
17 (0.000000,0.000000) 4 38 464 848 511 
848 (0.000000,0.000000) 4 889 17 845 908 
845 (0.000000,0.000000) 4 841 848 703 868 
703 (0.000000,0.000000) 4 549 845 771 565 
771 (0.000000,0.000000) 4 99 703 393 315 
393 (0.000000,0.000000) 4 462 771 921 389 
921 (0.000000,0.000000) 4 92 393 613 753 
613 (0.000000,0.000000) 4 68 921 468 644 
468 (0.000000,0.000000) 4 788 613 706 117 
706 (0.000000,0.000000) 4 136 468 956 576 
956 (0.000000,0.000000) 4 968 706 190 200 
190 (0.000000,0.000000) 4 429 956 524 282 
524 (0.000000,0.000000) 4 508 190 556 739 
556 (0.000000,0.000000) 4 603 524 790 53 
790 (0.000000,0.000000) 4 904 556 777 504 
345 (0.000000,0.000000) 4 504 885 645 777 
885 (0.000000,0.000000) 4 867 345 159 491 
159 (0.000000,0.000000) 4 830 885 657 8 
657 (0.000000,0.000000) 4 482 159 147 10 
147 (0.000000,0.000000) 4 168 657 969 195 
969 (0.000000,0.000000) 4 373 147 212 537 
212 (0.000000,0.000000) 4 488 969 893 761 
893 (0.000000,0.000000) 4 2 212 412 23 
412 (0.000000,0.000000) 4 536 893 800 967 
800 (0.000000,0.000000) 4 300 412 61 846 
61 (0.000000,0.000000) 4 199 800 72 661 
72 (0.000000,0.000000) 4 770 61 410 501 
410 (0.000000,0.000000) 4 557 72 931 40 
931 (0.000000,0.000000) 4 286 410 870 55 
870 (0.000000,0.000000) 4 749 931 160 639 
160 (0.000000,0.000000) 4 787 870 377 395 
377 (0.000000,0.000000) 4 512 160 404 323 
404 (0.000000,0.000000) 4 999 377 781 667 
781 (0.000000,0.000000) 4 653 404 427 409 
427 (0.000000,0.000000) 4 465 781 858 906 
858 (0.000000,0.000000) 4 671 427 498 980 
498 (0.000000,0.000000) 4 97 858 658 767 
658 (0.000000,0.000000) 4 744 498 348 405 
348 (0.000000,0.000000) 4 248 658 888 259 
888 (0.000000,0.000000) 4 111 348 150 784 
150 (0.000000,0.000000) 4 285 888 43 57 
43 (0.000000,0.000000) 4 697 150 526 178 
526 (0.000000,0.000000) 4 896 43 133 940 
133 (0.000000,0.000000) 4 362 526 803 563 
803 (0.000000,0.000000) 4 678 133 66 880 
66 (0.000000,0.000000) 4 413 803 439 692 
439 (0.000000,0.000000) 4 688 66 445 859 
445 (0.000000,0.000000) 4 116 439 271 357 
271 (0.000000,0.000000) 4 865 445 153 723 
153 (0.000000,0.000000) 4 464 271 511 346 
511 (0.000000,0.000000) 4 17 153 908 647 
908 (0.000000,0.000000) 4 848 511 868 737 
868 (0.000000,0.000000) 4 845 908 565 144 
565 (0.000000,0.000000) 4 703 868 315 108 
315 (0.000000,0.000000) 4 771 565 389 196 
389 (0.000000,0.000000) 4 393 315 753 677 
753 (0.000000,0.000000) 4 921 389 644 995 
644 (0.000000,0.000000) 4 613 753 117 994 
117 (0.000000,0.000000) 4 468 644 576 982 
576 (0.000000,0.000000) 4 706 117 200 1000 
200 (0.000000,0.000000) 4 956 576 282 124 
282 (0.000000,0.000000) 4 190 200 739 82 
739 (0.000000,0.000000) 4 524 282 53 670 
53 (0.000000,0.000000) 4 556 739 777 600 
777 (0.000000,0.000000) 4 790 53 267 345 
645 (0.000000,0.000000) 4 345 491 527 267 
491 (0.000000,0.000000) 4 885 645 8 805 
8 (0.000000,0.000000) 4 159 491 10 406 
10 (0.000000,0.000000) 4 657 8 195 419 
195 (0.000000,0.000000) 4 147 10 537 46 
537 (0.000000,0.000000) 4 969 195 761 228 
761 (0.000000,0.000000) 4 212 537 23 341 
23 (0.000000,0.000000) 4 893 761 967 436 
967 (0.000000,0.000000) 4 412 23 846 138 
846 (0.000000,0.000000) 4 800 967 661 773 
661 (0.000000,0.000000) 4 61 846 501 993 
501 (0.000000,0.000000) 4 72 661 40 485 
40 (0.000000,0.000000) 4 410 501 55 712 
55 (0.000000,0.000000) 4 931 40 639 74 
639 (0.000000,0.000000) 4 870 55 395 442 
395 (0.000000,0.000000) 4 160 639 323 554 
323 (0.000000,0.000000) 4 377 395 667 756 
667 (0.000000,0.000000) 4 404 323 409 458 
409 (0.000000,0.000000) 4 781 667 906 127 
906 (0.000000,0.000000) 4 427 409 980 933 
980 (0.000000,0.000000) 4 858 906 767 280 
767 (0.000000,0.000000) 4 498 980 405 30 
405 (0.000000,0.000000) 4 658 767 259 431 
259 (0.000000,0.000000) 4 348 405 784 225 
784 (0.000000,0.000000) 4 888 259 57 375 
57 (0.000000,0.000000) 4 150 784 178 840 
178 (0.000000,0.000000) 4 43 57 940 762 
940 (0.000000,0.000000) 4 526 178 563 344 
563 (0.000000,0.000000) 4 133 940 880 408 
880 (0.000000,0.000000) 4 803 563 692 553 
692 (0.000000,0.000000) 4 66 880 859 387 
859 (0.000000,0.000000) 4 439 692 357 531 
357 (0.000000,0.000000) 4 445 859 723 710 
723 (0.000000,0.000000) 4 271 357 346 423 
346 (0.000000,0.000000) 4 153 723 647 394 
647 (0.000000,0.000000) 4 511 346 737 428 
737 (0.000000,0.000000) 4 908 647 144 418 
144 (0.000000,0.000000) 4 868 737 108 577 
108 (0.000000,0.000000) 4 565 144 196 110 
196 (0.000000,0.000000) 4 315 108 677 234 
677 (0.000000,0.000000) 4 389 196 995 399 
995 (0.000000,0.000000) 4 753 677 994 872 
994 (0.000000,0.000000) 4 644 995 982 84 
982 (0.000000,0.000000) 4 117 994 1000 793 
1000 (0.000000,0.000000) 4 576 982 124 356 
124 (0.000000,0.000000) 4 200 1000 82 185 
82 (0.000000,0.000000) 4 282 124 670 824 
670 (0.000000,0.000000) 4 739 82 600 120 
600 (0.000000,0.000000) 4 53 670 267 192 
267 (0.000000,0.000000) 4 777 600 360 645 
527 (0.000000,0.000000) 4 645 805 278 360 
805 (0.000000,0.000000) 4 491 527 406 961 
406 (0.000000,0.000000) 4 8 805 419 895 
419 (0.000000,0.000000) 4 10 406 46 698 
46 (0.000000,0.000000) 4 195 419 228 887 
228 (0.000000,0.000000) 4 537 46 341 561 
341 (0.000000,0.000000) 4 761 228 436 834 
436 (0.000000,0.000000) 4 23 341 138 843 
138 (0.000000,0.000000) 4 967 436 773 283 
773 (0.000000,0.000000) 4 846 138 993 401 
993 (0.000000,0.000000) 4 661 773 485 696 
485 (0.000000,0.000000) 4 501 993 712 149 
712 (0.000000,0.000000) 4 40 485 74 5 
74 (0.000000,0.000000) 4 55 712 442 946 
442 (0.000000,0.000000) 4 639 74 554 295 
554 (0.000000,0.000000) 4 395 442 756 795 
756 (0.000000,0.000000) 4 323 554 458 827 
458 (0.000000,0.000000) 4 667 756 127 51 
127 (0.000000,0.000000) 4 409 458 933 899 
933 (0.000000,0.000000) 4 906 127 280 555 
280 (0.000000,0.000000) 4 980 933 30 132 
30 (0.000000,0.000000) 4 767 280 431 903 
431 (0.000000,0.000000) 4 405 30 225 322 
225 (0.000000,0.000000) 4 259 431 375 70 
375 (0.000000,0.000000) 4 784 225 840 205 
840 (0.000000,0.000000) 4 57 375 762 668 
762 (0.000000,0.000000) 4 178 840 344 791 
344 (0.000000,0.000000) 4 940 762 408 11 
408 (0.000000,0.000000) 4 563 344 553 878 
553 (0.000000,0.000000) 4 880 408 387 227 
387 (0.000000,0.000000) 4 692 553 531 223 
531 (0.000000,0.000000) 4 859 387 710 562 
710 (0.000000,0.000000) 4 357 531 423 71 
423 (0.000000,0.000000) 4 723 710 394 629 
394 (0.000000,0.000000) 4 346 423 428 90 
428 (0.000000,0.000000) 4 647 394 418 194 
418 (0.000000,0.000000) 4 737 428 577 518 
577 (0.000000,0.000000) 4 144 418 110 544 
110 (0.000000,0.000000) 4 108 577 234 486 
234 (0.000000,0.000000) 4 196 110 399 204 
399 (0.000000,0.000000) 4 677 234 872 876 
872 (0.000000,0.000000) 4 995 399 84 354 
84 (0.000000,0.000000) 4 994 872 793 403 
793 (0.000000,0.000000) 4 982 84 356 814 
356 (0.000000,0.000000) 4 1000 793 185 211 
185 (0.000000,0.000000) 4 124 356 824 778 
824 (0.000000,0.000000) 4 82 185 120 32 
120 (0.000000,0.000000) 4 670 824 192 114 
192 (0.000000,0.000000) 4 600 120 360 152 
360 (0.000000,0.000000) 4 267 192 815 527 
278 (0.000000,0.000000) 4 527 961 975 815 
961 (0.000000,0.000000) 4 805 278 895 434 
895 (0.000000,0.000000) 4 406 961 698 935 
698 (0.000000,0.000000) 4 419 895 887 175 
887 (0.000000,0.000000) 4 46 698 561 699 
561 (0.000000,0.000000) 4 228 887 834 165 
834 (0.000000,0.000000) 4 341 561 843 73 
843 (0.000000,0.000000) 4 436 834 283 14 
283 (0.000000,0.000000) 4 138 843 401 246 
401 (0.000000,0.000000) 4 773 283 696 734 
696 (0.000000,0.000000) 4 993 401 149 50 
149 (0.000000,0.000000) 4 485 696 5 957 
5 (0.000000,0.000000) 4 712 149 946 254 
946 (0.000000,0.000000) 4 74 5 295 122 
295 (0.000000,0.000000) 4 442 946 795 530 
795 (0.000000,0.000000) 4 554 295 827 829 
827 (0.000000,0.000000) 4 756 795 51 272 
51 (0.000000,0.000000) 4 458 827 899 411 
899 (0.000000,0.000000) 4 127 51 555 129 
555 (0.000000,0.000000) 4 933 899 132 105 
132 (0.000000,0.000000) 4 280 555 903 864 
903 (0.000000,0.000000) 4 30 132 322 263 
322 (0.000000,0.000000) 4 431 903 70 198 
70 (0.000000,0.000000) 4 225 322 205 649 
205 (0.000000,0.000000) 4 375 70 668 769 
668 (0.000000,0.000000) 4 840 205 791 881 
791 (0.000000,0.000000) 4 762 668 11 913 
11 (0.000000,0.000000) 4 344 791 878 951 
878 (0.000000,0.000000) 4 408 11 227 608 
227 (0.000000,0.000000) 4 553 878 223 589 
223 (0.000000,0.000000) 4 387 227 562 952 
562 (0.000000,0.000000) 4 531 223 71 958 
71 (0.000000,0.000000) 4 710 562 629 633 
629 (0.000000,0.000000) 4 423 71 90 729 
90 (0.000000,0.000000) 4 394 629 194 690 
194 (0.000000,0.000000) 4 428 90 518 176 
518 (0.000000,0.000000) 4 418 194 544 543 
544 (0.000000,0.000000) 4 577 518 486 860 
486 (0.000000,0.000000) 4 110 544 204 230 
204 (0.000000,0.000000) 4 234 486 876 966 
876 (0.000000,0.000000) 4 399 204 354 430 
354 (0.000000,0.000000) 4 872 876 403 112 
403 (0.000000,0.000000) 4 84 354 814 258 
814 (0.000000,0.000000) 4 793 403 211 167 
211 (0.000000,0.000000) 4 356 814 778 938 
778 (0.000000,0.000000) 4 185 211 32 780 
32 (0.000000,0.000000) 4 824 778 114 601 
114 (0.000000,0.000000) 4 120 32 152 584 
152 (0.000000,0.000000) 4 192 114 815 502 
815 (0.000000,0.000000) 4 360 152 319 278 
975 (0.000000,0.000000) 4 278 319 434 54 
434 (0.000000,0.000000) 4 961 975 935 915 
935 (0.000000,0.000000) 4 895 434 175 828 
175 (0.000000,0.000000) 4 698 935 699 303 
699 (0.000000,0.000000) 4 887 175 165 632 
165 (0.000000,0.000000) 4 561 699 73 786 
73 (0.000000,0.000000) 4 834 165 14 231 
14 (0.000000,0.000000) 4 843 73 246 12 
246 (0.000000,0.000000) 4 283 14 734 568 
734 (0.000000,0.000000) 4 401 246 50 351 
50 (0.000000,0.000000) 4 696 734 957 308 
957 (0.000000,0.000000) 4 149 50 254 340 
254 (0.000000,0.000000) 4 5 957 122 930 
122 (0.000000,0.000000) 4 946 254 530 217 
530 (0.000000,0.000000) 4 295 122 829 480 
829 (0.000000,0.000000) 4 795 530 272 704 
272 (0.000000,0.000000) 4 827 829 411 700 
411 (0.000000,0.000000) 4 51 272 129 91 
129 (0.000000,0.000000) 4 899 411 105 441 
105 (0.000000,0.000000) 4 555 129 864 927 
864 (0.000000,0.000000) 4 132 105 263 33 
263 (0.000000,0.000000) 4 903 864 198 330 
198 (0.000000,0.000000) 4 322 263 649 683 
649 (0.000000,0.000000) 4 70 198 769 765 
769 (0.000000,0.000000) 4 205 649 881 616 
881 (0.000000,0.000000) 4 668 769 913 962 
913 (0.000000,0.000000) 4 791 881 951 274 
951 (0.000000,0.000000) 4 11 913 608 276 
608 (0.000000,0.000000) 4 878 951 589 39 
589 (0.000000,0.000000) 4 227 608 952 924 
952 (0.000000,0.000000) 4 223 589 958 541 
958 (0.000000,0.000000) 4 562 952 633 444 
633 (0.000000,0.000000) 4 71 958 729 838 
729 (0.000000,0.000000) 4 629 633 690 369 
690 (0.000000,0.000000) 4 90 729 176 747 
176 (0.000000,0.000000) 4 194 690 543 470 
543 (0.000000,0.000000) 4 518 176 860 506 
860 (0.000000,0.000000) 4 544 543 230 329 
230 (0.000000,0.000000) 4 486 860 966 481 
966 (0.000000,0.000000) 4 204 230 430 425 
430 (0.000000,0.000000) 4 876 966 112 679 
112 (0.000000,0.000000) 4 354 430 258 140 
258 (0.000000,0.000000) 4 403 112 167 764 
167 (0.000000,0.000000) 4 814 258 938 960 
938 (0.000000,0.000000) 4 211 167 780 708 
780 (0.000000,0.000000) 4 778 938 601 243 
601 (0.000000,0.000000) 4 32 780 584 664 
584 (0.000000,0.000000) 4 114 601 502 760 
502 (0.000000,0.000000) 4 152 584 319 333 
319 (0.000000,0.000000) 4 815 975 502 456 
