54 (0.000000,0.000000) 4 15 8 51 61 
15 (0.000000,0.000000) 4 54 28 40 50 
28 (0.000000,0.000000) 4 15 3 30 66 
3 (0.000000,0.000000) 4 28 32 17 14 
32 (0.000000,0.000000) 4 3 86 80 34 
86 (0.000000,0.000000) 4 32 31 4 10 
31 (0.000000,0.000000) 4 86 12 100 84 
12 (0.000000,0.000000) 4 31 68 91 93 
68 (0.000000,0.000000) 4 12 51 41 96 
51 (0.000000,0.000000) 4 68 27 54 57 
8 (0.000000,0.000000) 4 54 40 33 27 
40 (0.000000,0.000000) 4 15 8 30 83 
30 (0.000000,0.000000) 4 28 40 17 65 
17 (0.000000,0.000000) 4 3 30 80 16 
80 (0.000000,0.000000) 4 32 17 4 62 
4 (0.000000,0.000000) 4 86 80 100 74 
100 (0.000000,0.000000) 4 31 4 91 76 
91 (0.000000,0.000000) 4 12 100 41 39 
41 (0.000000,0.000000) 4 68 91 27 24 
27 (0.000000,0.000000) 4 51 41 44 8 
33 (0.000000,0.000000) 4 8 83 38 44 
83 (0.000000,0.000000) 4 40 33 65 69 
65 (0.000000,0.000000) 4 30 83 16 47 
16 (0.000000,0.000000) 4 17 65 62 70 
62 (0.000000,0.000000) 4 80 16 74 6 
74 (0.000000,0.000000) 4 4 62 76 29 
76 (0.000000,0.000000) 4 100 74 39 81 
39 (0.000000,0.000000) 4 91 76 24 25 
24 (0.000000,0.000000) 4 41 39 44 79 
44 (0.000000,0.000000) 4 27 24 64 33 
38 (0.000000,0.000000) 4 33 69 60 64 
69 (0.000000,0.000000) 4 83 38 47 43 
47 (0.000000,0.000000) 4 65 69 70 56 
70 (0.000000,0.000000) 4 16 47 6 37 
6 (0.000000,0.000000) 4 62 70 29 21 
29 (0.000000,0.000000) 4 74 6 81 52 
81 (0.000000,0.000000) 4 76 29 25 82 
25 (0.000000,0.000000) 4 39 81 79 7 
79 (0.000000,0.000000) 4 24 25 64 20 
64 (0.000000,0.000000) 4 44 79 45 38 
60 (0.000000,0.000000) 4 38 43 42 45 
43 (0.000000,0.000000) 4 69 60 56 73 
56 (0.000000,0.000000) 4 47 43 37 85 
37 (0.000000,0.000000) 4 70 56 21 95 
21 (0.000000,0.000000) 4 6 37 52 2 
52 (0.000000,0.000000) 4 29 21 82 13 
82 (0.000000,0.000000) 4 81 52 7 90 
7 (0.000000,0.000000) 4 25 82 20 22 
20 (0.000000,0.000000) 4 79 7 45 71 
45 (0.000000,0.000000) 4 64 20 94 60 
42 (0.000000,0.000000) 4 60 73 53 94 
73 (0.000000,0.000000) 4 43 42 85 9 
85 (0.000000,0.000000) 4 56 73 95 72 
95 (0.000000,0.000000) 4 37 85 2 63 
2 (0.000000,0.000000) 4 21 95 13 88 
13 (0.000000,0.000000) 4 52 2 90 46 
90 (0.000000,0.000000) 4 82 13 22 87 
22 (0.000000,0.000000) 4 7 90 71 19 
71 (0.000000,0.000000) 4 20 22 94 58 
94 (0.000000,0.000000) 4 45 71 67 42 
53 (0.000000,0.000000) 4 42 9 78 67 
9 (0.000000,0.000000) 4 73 53 72 5 
72 (0.000000,0.000000) 4 85 9 63 18 
63 (0.000000,0.000000) 4 95 72 88 92 
88 (0.000000,0.000000) 4 2 63 46 36 
46 (0.000000,0.000000) 4 13 88 87 55 
87 (0.000000,0.000000) 4 90 46 19 26 
19 (0.000000,0.000000) 4 22 87 58 89 
58 (0.000000,0.000000) 4 71 19 67 49 
67 (0.000000,0.000000) 4 94 58 1 53 
78 (0.000000,0.000000) 4 53 5 23 1 
5 (0.000000,0.000000) 4 9 78 18 48 
18 (0.000000,0.000000) 4 72 5 92 77 
92 (0.000000,0.000000) 4 63 18 36 35 
36 (0.000000,0.000000) 4 88 92 55 75 
55 (0.000000,0.000000) 4 46 36 26 99 
26 (0.000000,0.000000) 4 87 55 89 11 
89 (0.000000,0.000000) 4 19 26 49 98 
49 (0.000000,0.000000) 4 58 89 1 97 
1 (0.000000,0.000000) 4 67 49 59 78 
23 (0.000000,0.000000) 4 78 48 61 59 
48 (0.000000,0.000000) 4 5 23 77 50 
77 (0.000000,0.000000) 4 18 48 35 66 
35 (0.000000,0.000000) 4 92 77 75 14 
75 (0.000000,0.000000) 4 36 35 99 34 
99 (0.000000,0.000000) 4 55 75 11 10 
11 (0.000000,0.000000) 4 26 99 98 84 
98 (0.000000,0.000000) 4 89 11 97 93 
97 (0.000000,0.000000) 4 49 98 59 96 
59 (0.000000,0.000000) 4 1 97 57 23 
61 (0.000000,0.000000) 4 23 57 50 54 
50 (0.000000,0.000000) 4 48 61 66 15 
66 (0.000000,0.000000) 4 77 50 14 28 
14 (0.000000,0.000000) 4 35 66 34 3 
34 (0.000000,0.000000) 4 75 14 10 32 
10 (0.000000,0.000000) 4 99 34 84 86 
84 (0.000000,0.000000) 4 11 10 93 31 
93 (0.000000,0.000000) 4 98 84 96 12 
96 (0.000000,0.000000) 4 97 93 57 68 
57 (0.000000,0.000000) 4 59 61 96 51 
