54 (0.000000,0.000000) 4 415 462 116 53 
415 (0.000000,0.000000) 4 54 328 274 346 
328 (0.000000,0.000000) 4 415 303 276 55 
303 (0.000000,0.000000) 4 328 132 39 395 
132 (0.000000,0.000000) 4 303 286 424 167 
286 (0.000000,0.000000) 4 132 231 41 406 
231 (0.000000,0.000000) 4 286 12 444 267 
12 (0.000000,0.000000) 4 231 68 338 192 
68 (0.000000,0.000000) 4 12 351 369 223 
351 (0.000000,0.000000) 4 68 308 247 108 
308 (0.000000,0.000000) 4 351 340 470 196 
340 (0.000000,0.000000) 4 308 430 6 458 
430 (0.000000,0.000000) 4 340 217 329 280 
217 (0.000000,0.000000) 4 430 480 481 30 
480 (0.000000,0.000000) 4 217 204 425 387 
204 (0.000000,0.000000) 4 480 200 179 234 
200 (0.000000,0.000000) 4 204 91 140 399 
91 (0.000000,0.000000) 4 200 441 264 84 
441 (0.000000,0.000000) 4 91 427 460 360 
427 (0.000000,0.000000) 4 441 33 208 278 
33 (0.000000,0.000000) 4 427 330 243 198 
330 (0.000000,0.000000) 4 33 183 164 149 
183 (0.000000,0.000000) 4 330 265 260 295 
265 (0.000000,0.000000) 4 183 116 333 403 
116 (0.000000,0.000000) 4 265 456 54 129 
462 (0.000000,0.000000) 4 54 274 186 456 
274 (0.000000,0.000000) 4 415 462 276 137 
276 (0.000000,0.000000) 4 328 274 39 221 
39 (0.000000,0.000000) 4 303 276 424 252 
424 (0.000000,0.000000) 4 132 39 41 182 
41 (0.000000,0.000000) 4 286 424 444 107 
444 (0.000000,0.000000) 4 231 41 338 380 
338 (0.000000,0.000000) 4 12 444 369 220 
369 (0.000000,0.000000) 4 68 338 247 382 
247 (0.000000,0.000000) 4 351 369 470 420 
470 (0.000000,0.000000) 4 308 247 6 262 
6 (0.000000,0.000000) 4 340 470 329 145 
329 (0.000000,0.000000) 4 430 6 481 442 
481 (0.000000,0.000000) 4 217 329 425 373 
425 (0.000000,0.000000) 4 480 481 179 70 
179 (0.000000,0.000000) 4 204 425 140 473 
140 (0.000000,0.000000) 4 200 179 264 365 
264 (0.000000,0.000000) 4 91 140 460 185 
460 (0.000000,0.000000) 4 441 264 208 432 
208 (0.000000,0.000000) 4 427 460 243 428 
243 (0.000000,0.000000) 4 33 208 164 95 
164 (0.000000,0.000000) 4 330 243 260 112 
260 (0.000000,0.000000) 4 183 164 333 402 
333 (0.000000,0.000000) 4 265 260 456 181 
456 (0.000000,0.000000) 4 116 333 13 462 
186 (0.000000,0.000000) 4 462 137 290 13 
137 (0.000000,0.000000) 4 274 186 221 122 
221 (0.000000,0.000000) 4 276 137 252 471 
252 (0.000000,0.000000) 4 39 221 182 169 
182 (0.000000,0.000000) 4 424 252 107 194 
107 (0.000000,0.000000) 4 41 182 380 353 
380 (0.000000,0.000000) 4 444 107 220 209 
220 (0.000000,0.000000) 4 338 380 382 72 
382 (0.000000,0.000000) 4 369 220 420 80 
420 (0.000000,0.000000) 4 247 382 262 322 
262 (0.000000,0.000000) 4 470 420 145 464 
145 (0.000000,0.000000) 4 6 262 442 225 
442 (0.000000,0.000000) 4 329 145 373 263 
373 (0.000000,0.000000) 4 481 442 70 188 
70 (0.000000,0.000000) 4 425 373 473 146 
473 (0.000000,0.000000) 4 179 70 365 87 
365 (0.000000,0.000000) 4 140 473 185 52 
185 (0.000000,0.000000) 4 264 365 432 19 
432 (0.000000,0.000000) 4 460 185 428 476 
428 (0.000000,0.000000) 4 208 432 95 109 
95 (0.000000,0.000000) 4 243 428 112 465 
112 (0.000000,0.000000) 4 164 95 402 158 
402 (0.000000,0.000000) 4 260 112 181 73 
181 (0.000000,0.000000) 4 333 402 13 367 
13 (0.000000,0.000000) 4 456 181 378 186 
290 (0.000000,0.000000) 4 186 122 253 378 
122 (0.000000,0.000000) 4 137 290 471 405 
471 (0.000000,0.000000) 4 221 122 169 318 
169 (0.000000,0.000000) 4 252 471 194 46 
194 (0.000000,0.000000) 4 182 169 353 292 
353 (0.000000,0.000000) 4 107 194 209 236 
209 (0.000000,0.000000) 4 380 353 72 215 
72 (0.000000,0.000000) 4 220 209 80 337 
80 (0.000000,0.000000) 4 382 72 322 440 
322 (0.000000,0.000000) 4 420 80 464 155 
464 (0.000000,0.000000) 4 262 322 225 45 
225 (0.000000,0.000000) 4 145 464 263 363 
263 (0.000000,0.000000) 4 442 225 188 86 
188 (0.000000,0.000000) 4 373 263 146 218 
146 (0.000000,0.000000) 4 70 188 87 326 
87 (0.000000,0.000000) 4 473 146 52 162 
52 (0.000000,0.000000) 4 365 87 19 332 
19 (0.000000,0.000000) 4 185 52 476 307 
476 (0.000000,0.000000) 4 432 19 109 419 
109 (0.000000,0.000000) 4 428 476 465 417 
465 (0.000000,0.000000) 4 95 109 158 489 
158 (0.000000,0.000000) 4 112 465 73 437 
73 (0.000000,0.000000) 4 402 158 367 392 
367 (0.000000,0.000000) 4 181 73 378 449 
378 (0.000000,0.000000) 4 13 367 401 290 
253 (0.000000,0.000000) 4 290 405 21 401 
405 (0.000000,0.000000) 4 122 253 318 119 
318 (0.000000,0.000000) 4 471 405 46 131 
46 (0.000000,0.000000) 4 169 318 292 273 
292 (0.000000,0.000000) 4 194 46 236 23 
236 (0.000000,0.000000) 4 353 292 215 448 
215 (0.000000,0.000000) 4 209 236 337 390 
337 (0.000000,0.000000) 4 72 215 440 69 
440 (0.000000,0.000000) 4 80 337 155 477 
155 (0.000000,0.000000) 4 322 440 45 135 
45 (0.000000,0.000000) 4 464 155 363 268 
363 (0.000000,0.000000) 4 225 45 86 141 
86 (0.000000,0.000000) 4 263 363 218 323 
218 (0.000000,0.000000) 4 188 86 326 130 
326 (0.000000,0.000000) 4 146 218 162 226 
162 (0.000000,0.000000) 4 87 326 332 455 
332 (0.000000,0.000000) 4 52 162 307 388 
307 (0.000000,0.000000) 4 19 332 419 224 
419 (0.000000,0.000000) 4 476 307 417 319 
417 (0.000000,0.000000) 4 109 419 489 142 
489 (0.000000,0.000000) 4 465 417 437 235 
437 (0.000000,0.000000) 4 158 489 392 386 
392 (0.000000,0.000000) 4 73 437 449 478 
449 (0.000000,0.000000) 4 367 392 401 335 
401 (0.000000,0.000000) 4 378 449 379 253 
21 (0.000000,0.000000) 4 253 119 207 379 
119 (0.000000,0.000000) 4 405 21 131 301 
131 (0.000000,0.000000) 4 318 119 273 9 
273 (0.000000,0.000000) 4 46 131 23 175 
23 (0.000000,0.000000) 4 292 273 448 251 
448 (0.000000,0.000000) 4 236 23 390 49 
390 (0.000000,0.000000) 4 215 448 69 81 
69 (0.000000,0.000000) 4 337 390 477 29 
477 (0.000000,0.000000) 4 440 69 135 316 
135 (0.000000,0.000000) 4 155 477 268 352 
268 (0.000000,0.000000) 4 45 135 141 445 
141 (0.000000,0.000000) 4 363 268 323 299 
323 (0.000000,0.000000) 4 86 141 130 38 
130 (0.000000,0.000000) 4 218 323 226 421 
226 (0.000000,0.000000) 4 326 130 455 435 
455 (0.000000,0.000000) 4 162 226 388 311 
388 (0.000000,0.000000) 4 332 455 224 156 
224 (0.000000,0.000000) 4 307 388 319 321 
319 (0.000000,0.000000) 4 419 224 142 240 
142 (0.000000,0.000000) 4 417 319 235 485 
235 (0.000000,0.000000) 4 489 142 386 7 
386 (0.000000,0.000000) 4 437 235 478 213 
478 (0.000000,0.000000) 4 392 386 335 426 
335 (0.000000,0.000000) 4 449 478 379 75 
379 (0.000000,0.000000) 4 401 335 44 21 
207 (0.000000,0.000000) 4 21 301 100 44 
301 (0.000000,0.000000) 4 119 207 9 383 
9 (0.000000,0.000000) 4 131 301 175 47 
175 (0.000000,0.000000) 4 273 9 251 127 
251 (0.000000,0.000000) 4 23 175 49 331 
49 (0.000000,0.000000) 4 448 251 81 216 
81 (0.000000,0.000000) 4 390 49 29 202 
29 (0.000000,0.000000) 4 69 81 316 377 
316 (0.000000,0.000000) 4 477 29 352 239 
352 (0.000000,0.000000) 4 135 316 445 128 
445 (0.000000,0.000000) 4 268 352 299 298 
299 (0.000000,0.000000) 4 141 445 38 25 
38 (0.000000,0.000000) 4 323 299 421 291 
421 (0.000000,0.000000) 4 130 38 435 305 
435 (0.000000,0.000000) 4 226 421 311 197 
311 (0.000000,0.000000) 4 455 435 156 289 
156 (0.000000,0.000000) 4 388 311 321 203 
321 (0.000000,0.000000) 4 224 156 240 356 
240 (0.000000,0.000000) 4 319 321 485 416 
485 (0.000000,0.000000) 4 142 240 7 459 
7 (0.000000,0.000000) 4 235 485 213 32 
213 (0.000000,0.000000) 4 386 7 426 78 
426 (0.000000,0.000000) 4 478 213 75 148 
75 (0.000000,0.000000) 4 335 426 44 238 
44 (0.000000,0.000000) 4 379 75 56 207 
100 (0.000000,0.000000) 4 207 383 161 56 
383 (0.000000,0.000000) 4 301 100 47 376 
47 (0.000000,0.000000) 4 9 383 127 160 
127 (0.000000,0.000000) 4 175 47 331 250 
331 (0.000000,0.000000) 4 251 127 216 166 
216 (0.000000,0.000000) 4 49 331 202 275 
202 (0.000000,0.000000) 4 81 216 377 229 
377 (0.000000,0.000000) 4 29 202 239 189 
239 (0.000000,0.000000) 4 316 377 128 174 
128 (0.000000,0.000000) 4 352 239 298 344 
298 (0.000000,0.000000) 4 445 128 25 89 
25 (0.000000,0.000000) 4 299 298 291 423 
291 (0.000000,0.000000) 4 38 25 305 154 
305 (0.000000,0.000000) 4 421 291 197 454 
197 (0.000000,0.000000) 4 435 305 289 317 
289 (0.000000,0.000000) 4 311 197 203 211 
203 (0.000000,0.000000) 4 156 289 356 125 
356 (0.000000,0.000000) 4 321 203 416 249 
416 (0.000000,0.000000) 4 240 356 459 177 
459 (0.000000,0.000000) 4 485 416 32 409 
32 (0.000000,0.000000) 4 7 459 78 452 
78 (0.000000,0.000000) 4 213 32 148 407 
148 (0.000000,0.000000) 4 426 78 238 214 
238 (0.000000,0.000000) 4 75 148 56 104 
56 (0.000000,0.000000) 4 44 238 255 100 
161 (0.000000,0.000000) 4 100 376 325 255 
376 (0.000000,0.000000) 4 383 161 160 245 
160 (0.000000,0.000000) 4 47 376 250 48 
250 (0.000000,0.000000) 4 127 160 166 368 
166 (0.000000,0.000000) 4 331 250 275 20 
275 (0.000000,0.000000) 4 216 166 229 201 
229 (0.000000,0.000000) 4 202 275 189 266 
189 (0.000000,0.000000) 4 377 229 174 370 
174 (0.000000,0.000000) 4 239 189 344 334 
344 (0.000000,0.000000) 4 128 174 89 350 
89 (0.000000,0.000000) 4 298 344 423 310 
423 (0.000000,0.000000) 4 25 89 154 283 
154 (0.000000,0.000000) 4 291 423 454 98 
454 (0.000000,0.000000) 4 305 154 317 358 
317 (0.000000,0.000000) 4 197 454 211 115 
211 (0.000000,0.000000) 4 289 317 125 16 
125 (0.000000,0.000000) 4 203 211 249 490 
249 (0.000000,0.000000) 4 356 125 177 446 
177 (0.000000,0.000000) 4 416 249 409 270 
409 (0.000000,0.000000) 4 459 177 452 184 
452 (0.000000,0.000000) 4 32 409 407 51 
407 (0.000000,0.000000) 4 78 452 214 222 
214 (0.000000,0.000000) 4 148 407 104 259 
104 (0.000000,0.000000) 4 238 214 255 59 
255 (0.000000,0.000000) 4 56 104 123 161 
325 (0.000000,0.000000) 4 161 245 193 123 
245 (0.000000,0.000000) 4 376 325 48 3 
48 (0.000000,0.000000) 4 160 245 368 117 
368 (0.000000,0.000000) 4 250 48 20 297 
20 (0.000000,0.000000) 4 166 368 201 362 
201 (0.000000,0.000000) 4 275 20 266 447 
266 (0.000000,0.000000) 4 229 201 370 256 
370 (0.000000,0.000000) 4 189 266 334 35 
334 (0.000000,0.000000) 4 174 370 350 438 
350 (0.000000,0.000000) 4 344 334 310 269 
310 (0.000000,0.000000) 4 89 350 283 118 
283 (0.000000,0.000000) 4 423 310 98 106 
98 (0.000000,0.000000) 4 154 283 358 483 
358 (0.000000,0.000000) 4 454 98 115 60 
115 (0.000000,0.000000) 4 317 358 16 187 
16 (0.000000,0.000000) 4 211 115 490 126 
490 (0.000000,0.000000) 4 125 16 446 230 
446 (0.000000,0.000000) 4 249 490 270 320 
270 (0.000000,0.000000) 4 177 446 184 82 
184 (0.000000,0.000000) 4 409 270 51 191 
51 (0.000000,0.000000) 4 452 184 222 99 
222 (0.000000,0.000000) 4 407 51 259 354 
259 (0.000000,0.000000) 4 214 222 59 28 
59 (0.000000,0.000000) 4 104 259 123 285 
123 (0.000000,0.000000) 4 255 59 62 325 
193 (0.000000,0.000000) 4 325 3 284 62 
3 (0.000000,0.000000) 4 245 193 117 96 
117 (0.000000,0.000000) 4 48 3 297 342 
297 (0.000000,0.000000) 4 368 117 362 102 
362 (0.000000,0.000000) 4 20 297 447 484 
447 (0.000000,0.000000) 4 201 362 256 277 
256 (0.000000,0.000000) 4 266 447 35 111 
35 (0.000000,0.000000) 4 370 256 438 375 
438 (0.000000,0.000000) 4 334 35 269 37 
269 (0.000000,0.000000) 4 350 438 118 138 
118 (0.000000,0.000000) 4 310 269 106 180 
106 (0.000000,0.000000) 4 283 118 483 233 
483 (0.000000,0.000000) 4 98 106 60 488 
60 (0.000000,0.000000) 4 358 483 187 10 
187 (0.000000,0.000000) 4 115 60 126 248 
126 (0.000000,0.000000) 4 16 187 230 461 
230 (0.000000,0.000000) 4 490 126 320 339 
320 (0.000000,0.000000) 4 446 230 82 314 
82 (0.000000,0.000000) 4 270 320 191 296 
191 (0.000000,0.000000) 4 184 82 99 258 
99 (0.000000,0.000000) 4 51 191 354 90 
354 (0.000000,0.000000) 4 222 99 28 397 
28 (0.000000,0.000000) 4 259 354 285 313 
285 (0.000000,0.000000) 4 59 28 62 463 
62 (0.000000,0.000000) 4 123 285 170 193 
284 (0.000000,0.000000) 4 193 96 152 170 
96 (0.000000,0.000000) 4 3 284 342 400 
342 (0.000000,0.000000) 4 117 96 102 88 
102 (0.000000,0.000000) 4 297 342 484 384 
484 (0.000000,0.000000) 4 362 102 277 347 
277 (0.000000,0.000000) 4 447 484 111 469 
111 (0.000000,0.000000) 4 256 277 375 173 
375 (0.000000,0.000000) 4 35 111 37 246 
37 (0.000000,0.000000) 4 438 375 138 93 
138 (0.000000,0.000000) 4 269 37 180 5 
180 (0.000000,0.000000) 4 118 138 233 414 
233 (0.000000,0.000000) 4 106 180 488 195 
488 (0.000000,0.000000) 4 483 233 10 232 
10 (0.000000,0.000000) 4 60 488 248 242 
248 (0.000000,0.000000) 4 187 10 461 272 
461 (0.000000,0.000000) 4 126 248 339 282 
339 (0.000000,0.000000) 4 230 461 314 64 
314 (0.000000,0.000000) 4 320 339 296 366 
296 (0.000000,0.000000) 4 82 314 258 398 
258 (0.000000,0.000000) 4 191 296 90 497 
90 (0.000000,0.000000) 4 99 258 397 343 
397 (0.000000,0.000000) 4 354 90 313 172 
313 (0.000000,0.000000) 4 28 397 463 85 
463 (0.000000,0.000000) 4 285 313 170 422 
170 (0.000000,0.000000) 4 62 463 97 284 
152 (0.000000,0.000000) 4 284 400 18 97 
400 (0.000000,0.000000) 4 96 152 88 434 
88 (0.000000,0.000000) 4 342 400 384 227 
384 (0.000000,0.000000) 4 102 88 347 92 
347 (0.000000,0.000000) 4 484 384 469 411 
469 (0.000000,0.000000) 4 277 347 173 120 
173 (0.000000,0.000000) 4 111 469 246 288 
246 (0.000000,0.000000) 4 375 173 93 237 
93 (0.000000,0.000000) 4 37 246 5 336 
5 (0.000000,0.000000) 4 138 93 414 103 
414 (0.000000,0.000000) 4 180 5 195 457 
195 (0.000000,0.000000) 4 233 414 232 472 
232 (0.000000,0.000000) 4 488 195 242 257 
242 (0.000000,0.000000) 4 10 232 272 429 
272 (0.000000,0.000000) 4 248 242 282 349 
282 (0.000000,0.000000) 4 461 272 64 241 
64 (0.000000,0.000000) 4 339 282 366 71 
366 (0.000000,0.000000) 4 314 64 398 487 
398 (0.000000,0.000000) 4 296 366 497 50 
497 (0.000000,0.000000) 4 258 398 343 294 
343 (0.000000,0.000000) 4 90 497 172 24 
172 (0.000000,0.000000) 4 397 343 85 22 
85 (0.000000,0.000000) 4 313 172 422 150 
422 (0.000000,0.000000) 4 463 85 97 94 
97 (0.000000,0.000000) 4 170 422 83 152 
18 (0.000000,0.000000) 4 152 434 371 83 
434 (0.000000,0.000000) 4 400 18 227 324 
227 (0.000000,0.000000) 4 88 434 92 493 
92 (0.000000,0.000000) 4 384 227 411 210 
411 (0.000000,0.000000) 4 347 92 120 355 
120 (0.000000,0.000000) 4 469 411 288 450 
288 (0.000000,0.000000) 4 173 120 237 492 
237 (0.000000,0.000000) 4 246 288 336 65 
336 (0.000000,0.000000) 4 93 237 103 302 
103 (0.000000,0.000000) 4 5 336 457 143 
457 (0.000000,0.000000) 4 414 103 472 63 
472 (0.000000,0.000000) 4 195 457 257 58 
257 (0.000000,0.000000) 4 232 472 429 474 
429 (0.000000,0.000000) 4 242 257 349 410 
349 (0.000000,0.000000) 4 272 429 241 372 
241 (0.000000,0.000000) 4 282 349 71 309 
71 (0.000000,0.000000) 4 64 241 487 281 
487 (0.000000,0.000000) 4 366 71 50 312 
50 (0.000000,0.000000) 4 398 487 294 101 
294 (0.000000,0.000000) 4 497 50 24 391 
24 (0.000000,0.000000) 4 343 294 22 139 
22 (0.000000,0.000000) 4 172 24 150 219 
150 (0.000000,0.000000) 4 85 22 94 486 
94 (0.000000,0.000000) 4 422 150 83 42 
83 (0.000000,0.000000) 4 97 94 451 18 
371 (0.000000,0.000000) 4 18 324 74 451 
324 (0.000000,0.000000) 4 434 371 493 491 
493 (0.000000,0.000000) 4 227 324 210 306 
210 (0.000000,0.000000) 4 92 493 355 436 
355 (0.000000,0.000000) 4 411 210 450 134 
450 (0.000000,0.000000) 4 120 355 492 467 
492 (0.000000,0.000000) 4 288 450 65 205 
65 (0.000000,0.000000) 4 237 492 302 171 
302 (0.000000,0.000000) 4 336 65 143 76 
143 (0.000000,0.000000) 4 103 302 63 15 
63 (0.000000,0.000000) 4 457 143 58 17 
58 (0.000000,0.000000) 4 472 63 474 136 
474 (0.000000,0.000000) 4 257 58 410 418 
410 (0.000000,0.000000) 4 429 474 372 374 
372 (0.000000,0.000000) 4 349 410 309 453 
309 (0.000000,0.000000) 4 241 372 281 1 
281 (0.000000,0.000000) 4 71 309 312 67 
312 (0.000000,0.000000) 4 487 281 101 279 
101 (0.000000,0.000000) 4 50 312 391 500 
391 (0.000000,0.000000) 4 294 101 139 304 
139 (0.000000,0.000000) 4 24 391 219 475 
219 (0.000000,0.000000) 4 22 139 486 159 
486 (0.000000,0.000000) 4 150 219 42 151 
42 (0.000000,0.000000) 4 94 486 451 361 
451 (0.000000,0.000000) 4 83 42 110 371 
74 (0.000000,0.000000) 4 371 491 364 110 
491 (0.000000,0.000000) 4 324 74 306 494 
306 (0.000000,0.000000) 4 493 491 436 327 
436 (0.000000,0.000000) 4 210 306 134 77 
134 (0.000000,0.000000) 4 355 436 467 27 
467 (0.000000,0.000000) 4 450 134 205 113 
205 (0.000000,0.000000) 4 492 467 171 176 
171 (0.000000,0.000000) 4 65 205 76 157 
76 (0.000000,0.000000) 4 302 171 15 79 
15 (0.000000,0.000000) 4 143 76 17 124 
17 (0.000000,0.000000) 4 63 15 136 261 
136 (0.000000,0.000000) 4 58 17 418 443 
418 (0.000000,0.000000) 4 474 136 374 385 
374 (0.000000,0.000000) 4 410 418 453 479 
453 (0.000000,0.000000) 4 372 374 1 206 
1 (0.000000,0.000000) 4 309 453 67 14 
67 (0.000000,0.000000) 4 281 1 279 359 
279 (0.000000,0.000000) 4 312 67 500 496 
500 (0.000000,0.000000) 4 101 279 304 244 
304 (0.000000,0.000000) 4 391 500 475 287 
475 (0.000000,0.000000) 4 139 304 159 466 
159 (0.000000,0.000000) 4 219 475 151 105 
151 (0.000000,0.000000) 4 486 159 361 163 
361 (0.000000,0.000000) 4 42 151 110 254 
110 (0.000000,0.000000) 4 451 361 121 74 
364 (0.000000,0.000000) 4 74 494 439 121 
494 (0.000000,0.000000) 4 491 364 327 66 
327 (0.000000,0.000000) 4 306 494 77 412 
77 (0.000000,0.000000) 4 436 327 27 396 
27 (0.000000,0.000000) 4 134 77 113 165 
113 (0.000000,0.000000) 4 467 27 176 228 
176 (0.000000,0.000000) 4 205 113 157 4 
157 (0.000000,0.000000) 4 171 176 79 495 
79 (0.000000,0.000000) 4 76 157 124 394 
124 (0.000000,0.000000) 4 15 79 261 40 
261 (0.000000,0.000000) 4 17 124 443 26 
443 (0.000000,0.000000) 4 136 261 385 498 
385 (0.000000,0.000000) 4 418 443 479 36 
479 (0.000000,0.000000) 4 374 385 206 433 
206 (0.000000,0.000000) 4 453 479 14 293 
14 (0.000000,0.000000) 4 1 206 359 357 
359 (0.000000,0.000000) 4 67 14 496 499 
496 (0.000000,0.000000) 4 279 359 244 31 
244 (0.000000,0.000000) 4 500 496 287 34 
287 (0.000000,0.000000) 4 304 244 466 114 
466 (0.000000,0.000000) 4 475 287 105 381 
105 (0.000000,0.000000) 4 159 466 163 389 
163 (0.000000,0.000000) 4 151 105 254 341 
254 (0.000000,0.000000) 4 361 163 121 468 
121 (0.000000,0.000000) 4 110 254 8 364 
439 (0.000000,0.000000) 4 364 66 404 8 
66 (0.000000,0.000000) 4 494 439 412 482 
412 (0.000000,0.000000) 4 327 66 396 168 
396 (0.000000,0.000000) 4 77 412 165 2 
165 (0.000000,0.000000) 4 27 396 228 300 
228 (0.000000,0.000000) 4 113 165 4 199 
4 (0.000000,0.000000) 4 176 228 495 57 
495 (0.000000,0.000000) 4 157 4 394 153 
394 (0.000000,0.000000) 4 79 495 40 178 
40 (0.000000,0.000000) 4 124 394 26 413 
26 (0.000000,0.000000) 4 261 40 498 348 
498 (0.000000,0.000000) 4 443 26 36 345 
36 (0.000000,0.000000) 4 385 498 433 271 
433 (0.000000,0.000000) 4 479 36 293 393 
293 (0.000000,0.000000) 4 206 433 357 190 
357 (0.000000,0.000000) 4 14 293 499 147 
499 (0.000000,0.000000) 4 359 357 31 212 
31 (0.000000,0.000000) 4 496 499 34 61 
34 (0.000000,0.000000) 4 244 31 114 431 
114 (0.000000,0.000000) 4 287 34 381 43 
381 (0.000000,0.000000) 4 466 114 389 133 
389 (0.000000,0.000000) 4 105 381 341 11 
341 (0.000000,0.000000) 4 163 389 468 408 
468 (0.000000,0.000000) 4 254 341 8 315 
8 (0.000000,0.000000) 4 121 468 144 439 
404 (0.000000,0.000000) 4 439 482 53 144 
482 (0.000000,0.000000) 4 66 404 168 346 
168 (0.000000,0.000000) 4 412 482 2 55 
2 (0.000000,0.000000) 4 396 168 300 395 
300 (0.000000,0.000000) 4 165 2 199 167 
199 (0.000000,0.000000) 4 228 300 57 406 
57 (0.000000,0.000000) 4 4 199 153 267 
153 (0.000000,0.000000) 4 495 57 178 192 
178 (0.000000,0.000000) 4 394 153 413 223 
413 (0.000000,0.000000) 4 40 178 348 108 
348 (0.000000,0.000000) 4 26 413 345 196 
345 (0.000000,0.000000) 4 498 348 271 458 
271 (0.000000,0.000000) 4 36 345 393 280 
393 (0.000000,0.000000) 4 433 271 190 30 
190 (0.000000,0.000000) 4 293 393 147 387 
147 (0.000000,0.000000) 4 357 190 212 234 
212 (0.000000,0.000000) 4 499 147 61 399 
61 (0.000000,0.000000) 4 31 212 431 84 
431 (0.000000,0.000000) 4 34 61 43 360 
43 (0.000000,0.000000) 4 114 431 133 278 
133 (0.000000,0.000000) 4 381 43 11 198 
11 (0.000000,0.000000) 4 389 133 408 149 
408 (0.000000,0.000000) 4 341 11 315 295 
315 (0.000000,0.000000) 4 468 408 144 403 
144 (0.000000,0.000000) 4 8 315 129 404 
53 (0.000000,0.000000) 4 404 129 346 54 
346 (0.000000,0.000000) 4 482 53 55 415 
55 (0.000000,0.000000) 4 168 346 395 328 
395 (0.000000,0.000000) 4 2 55 167 303 
167 (0.000000,0.000000) 4 300 395 406 132 
406 (0.000000,0.000000) 4 199 167 267 286 
267 (0.000000,0.000000) 4 57 406 192 231 
192 (0.000000,0.000000) 4 153 267 223 12 
223 (0.000000,0.000000) 4 178 192 108 68 
108 (0.000000,0.000000) 4 413 223 196 351 
196 (0.000000,0.000000) 4 348 108 458 308 
458 (0.000000,0.000000) 4 345 196 280 340 
280 (0.000000,0.000000) 4 271 458 30 430 
30 (0.000000,0.000000) 4 393 280 387 217 
387 (0.000000,0.000000) 4 190 30 234 480 
234 (0.000000,0.000000) 4 147 387 399 204 
399 (0.000000,0.000000) 4 212 234 84 200 
84 (0.000000,0.000000) 4 61 399 360 91 
360 (0.000000,0.000000) 4 431 84 278 441 
278 (0.000000,0.000000) 4 43 360 198 427 
198 (0.000000,0.000000) 4 133 278 149 33 
149 (0.000000,0.000000) 4 11 198 295 330 
295 (0.000000,0.000000) 4 408 149 403 183 
403 (0.000000,0.000000) 4 315 295 129 265 
129 (0.000000,0.000000) 4 144 53 403 116 
