54 (0.000000,0.000000) 2 915 33 
915 (0.000000,0.000000) 3 54 828 330 
828 (0.000000,0.000000) 3 915 303 683 
303 (0.000000,0.000000) 3 828 632 765 
632 (0.000000,0.000000) 3 303 786 616 
786 (0.000000,0.000000) 3 632 231 962 
231 (0.000000,0.000000) 3 786 12 274 
12 (0.000000,0.000000) 3 231 568 276 
568 (0.000000,0.000000) 3 12 351 39 
351 (0.000000,0.000000) 3 568 308 924 
308 (0.000000,0.000000) 3 351 340 541 
340 (0.000000,0.000000) 3 308 930 444 
930 (0.000000,0.000000) 3 340 217 838 
217 (0.000000,0.000000) 3 930 480 369 
480 (0.000000,0.000000) 3 217 704 747 
704 (0.000000,0.000000) 3 480 700 470 
700 (0.000000,0.000000) 3 704 91 506 
91 (0.000000,0.000000) 3 700 441 329 
441 (0.000000,0.000000) 3 91 927 481 
927 (0.000000,0.000000) 2 441 425 
33 (0.000000,0.000000) 3 54 330 679 
330 (0.000000,0.000000) 4 915 33 683 140 
683 (0.000000,0.000000) 4 828 330 765 764 
765 (0.000000,0.000000) 4 303 683 616 960 
616 (0.000000,0.000000) 4 632 765 962 708 
962 (0.000000,0.000000) 4 786 616 274 243 
274 (0.000000,0.000000) 4 231 962 276 664 
276 (0.000000,0.000000) 4 12 274 39 760 
39 (0.000000,0.000000) 4 568 276 924 333 
924 (0.000000,0.000000) 4 351 39 541 456 
541 (0.000000,0.000000) 4 308 924 444 686 
444 (0.000000,0.000000) 4 340 541 838 717 
838 (0.000000,0.000000) 4 930 444 369 137 
369 (0.000000,0.000000) 4 217 838 747 721 
747 (0.000000,0.000000) 4 480 369 470 833 
470 (0.000000,0.000000) 4 704 747 506 752 
506 (0.000000,0.000000) 4 700 470 329 682 
329 (0.000000,0.000000) 4 91 506 481 107 
481 (0.000000,0.000000) 4 441 329 425 380 
425 (0.000000,0.000000) 3 927 481 720 
679 (0.000000,0.000000) 3 33 140 382 
140 (0.000000,0.000000) 4 330 679 764 920 
764 (0.000000,0.000000) 4 683 140 960 164 
960 (0.000000,0.000000) 4 765 764 708 220 
708 (0.000000,0.000000) 4 616 960 243 640 
243 (0.000000,0.000000) 4 962 708 664 262 
664 (0.000000,0.000000) 4 274 243 760 41 
760 (0.000000,0.000000) 4 276 664 333 145 
333 (0.000000,0.000000) 4 39 760 456 942 
456 (0.000000,0.000000) 4 924 333 686 873 
686 (0.000000,0.000000) 4 541 456 717 570 
717 (0.000000,0.000000) 4 444 686 137 973 
137 (0.000000,0.000000) 4 838 717 721 365 
721 (0.000000,0.000000) 4 369 137 833 685 
833 (0.000000,0.000000) 4 747 721 752 932 
752 (0.000000,0.000000) 4 470 833 682 424 
682 (0.000000,0.000000) 4 506 752 107 928 
107 (0.000000,0.000000) 4 329 682 380 595 
380 (0.000000,0.000000) 4 481 107 720 183 
720 (0.000000,0.000000) 3 425 380 612 
382 (0.000000,0.000000) 3 679 920 402 
920 (0.000000,0.000000) 4 140 382 164 869 
164 (0.000000,0.000000) 4 764 920 220 681 
220 (0.000000,0.000000) 4 960 164 640 539 
640 (0.000000,0.000000) 4 708 220 262 941 
262 (0.000000,0.000000) 4 243 640 41 513 
41 (0.000000,0.000000) 4 664 262 145 290 
145 (0.000000,0.000000) 4 760 41 942 622 
942 (0.000000,0.000000) 4 333 145 873 971 
873 (0.000000,0.000000) 4 456 942 570 669 
570 (0.000000,0.000000) 4 686 873 973 694 
973 (0.000000,0.000000) 4 717 570 365 353 
365 (0.000000,0.000000) 4 137 973 685 209 
685 (0.000000,0.000000) 4 721 365 932 572 
932 (0.000000,0.000000) 4 833 685 424 580 
424 (0.000000,0.000000) 4 752 932 928 822 
928 (0.000000,0.000000) 4 682 424 595 964 
595 (0.000000,0.000000) 4 107 928 183 725 
183 (0.000000,0.000000) 4 380 595 612 763 
612 (0.000000,0.000000) 3 720 183 188 
402 (0.000000,0.000000) 3 382 869 646 
869 (0.000000,0.000000) 4 920 402 681 87 
681 (0.000000,0.000000) 4 164 869 539 552 
539 (0.000000,0.000000) 4 220 681 941 19 
941 (0.000000,0.000000) 4 640 539 513 976 
513 (0.000000,0.000000) 4 262 941 290 609 
290 (0.000000,0.000000) 4 41 513 622 965 
622 (0.000000,0.000000) 4 145 290 971 158 
971 (0.000000,0.000000) 4 942 622 669 573 
669 (0.000000,0.000000) 4 873 971 694 367 
694 (0.000000,0.000000) 4 570 669 353 378 
353 (0.000000,0.000000) 4 973 694 209 253 
209 (0.000000,0.000000) 4 365 353 572 905 
572 (0.000000,0.000000) 4 685 209 580 318 
580 (0.000000,0.000000) 4 932 572 822 546 
822 (0.000000,0.000000) 4 424 580 964 292 
964 (0.000000,0.000000) 4 928 822 725 736 
725 (0.000000,0.000000) 4 595 964 763 215 
763 (0.000000,0.000000) 4 183 725 188 337 
188 (0.000000,0.000000) 3 612 763 440 
646 (0.000000,0.000000) 3 402 87 155 
87 (0.000000,0.000000) 4 869 646 552 545 
552 (0.000000,0.000000) 4 681 87 19 363 
19 (0.000000,0.000000) 4 539 552 976 86 
976 (0.000000,0.000000) 4 941 19 609 718 
609 (0.000000,0.000000) 4 513 976 965 326 
965 (0.000000,0.000000) 4 290 609 158 162 
158 (0.000000,0.000000) 4 622 965 573 832 
573 (0.000000,0.000000) 4 971 158 367 807 
367 (0.000000,0.000000) 4 669 573 378 919 
378 (0.000000,0.000000) 4 694 367 253 417 
253 (0.000000,0.000000) 4 353 378 905 489 
905 (0.000000,0.000000) 4 209 253 318 937 
318 (0.000000,0.000000) 4 572 905 546 392 
546 (0.000000,0.000000) 4 580 318 292 449 
292 (0.000000,0.000000) 4 822 546 736 901 
736 (0.000000,0.000000) 4 964 292 215 21 
215 (0.000000,0.000000) 4 725 736 337 619 
337 (0.000000,0.000000) 4 763 215 440 631 
440 (0.000000,0.000000) 3 188 337 273 
155 (0.000000,0.000000) 3 646 545 523 
545 (0.000000,0.000000) 4 87 155 363 948 
363 (0.000000,0.000000) 4 552 545 86 390 
86 (0.000000,0.000000) 4 19 363 718 69 
718 (0.000000,0.000000) 4 976 86 326 591 
326 (0.000000,0.000000) 4 609 718 162 477 
162 (0.000000,0.000000) 4 965 326 832 635 
832 (0.000000,0.000000) 4 158 162 807 268 
807 (0.000000,0.000000) 4 573 832 919 141 
919 (0.000000,0.000000) 4 367 807 417 823 
417 (0.000000,0.000000) 4 378 919 489 630 
489 (0.000000,0.000000) 4 253 417 937 226 
937 (0.000000,0.000000) 4 905 489 392 892 
392 (0.000000,0.000000) 4 318 937 449 955 
449 (0.000000,0.000000) 4 546 392 901 388 
901 (0.000000,0.000000) 4 292 449 21 724 
21 (0.000000,0.000000) 4 736 901 619 819 
619 (0.000000,0.000000) 4 215 21 631 642 
631 (0.000000,0.000000) 4 337 619 273 235 
273 (0.000000,0.000000) 3 440 631 386 
523 (0.000000,0.000000) 3 155 948 978 
948 (0.000000,0.000000) 4 545 523 390 835 
390 (0.000000,0.000000) 4 363 948 69 182 
69 (0.000000,0.000000) 4 86 390 591 879 
591 (0.000000,0.000000) 4 718 69 477 207 
477 (0.000000,0.000000) 4 326 591 635 801 
635 (0.000000,0.000000) 4 162 477 268 509 
268 (0.000000,0.000000) 4 832 635 141 675 
141 (0.000000,0.000000) 4 807 268 823 808 
823 (0.000000,0.000000) 4 919 141 630 221 
630 (0.000000,0.000000) 4 417 823 226 95 
226 (0.000000,0.000000) 4 489 630 892 751 
892 (0.000000,0.000000) 4 937 226 955 49 
955 (0.000000,0.000000) 4 392 892 388 81 
388 (0.000000,0.000000) 4 449 955 724 29 
724 (0.000000,0.000000) 4 901 388 819 316 
819 (0.000000,0.000000) 4 21 724 642 852 
642 (0.000000,0.000000) 4 619 819 235 945 
235 (0.000000,0.000000) 4 631 642 386 799 
386 (0.000000,0.000000) 3 273 235 251 
978 (0.000000,0.000000) 3 523 835 538 
835 (0.000000,0.000000) 4 948 978 182 818 
182 (0.000000,0.000000) 4 390 835 879 421 
879 (0.000000,0.000000) 4 69 182 207 435 
207 (0.000000,0.000000) 4 591 879 801 811 
801 (0.000000,0.000000) 4 477 207 509 656 
509 (0.000000,0.000000) 4 635 801 675 821 
675 (0.000000,0.000000) 4 268 509 808 740 
808 (0.000000,0.000000) 4 141 675 221 985 
221 (0.000000,0.000000) 4 823 808 95 7 
95 (0.000000,0.000000) 4 630 221 751 213 
751 (0.000000,0.000000) 4 226 95 49 426 
49 (0.000000,0.000000) 4 892 751 81 75 
81 (0.000000,0.000000) 4 955 49 29 44 
29 (0.000000,0.000000) 4 388 81 316 100 
316 (0.000000,0.000000) 4 724 29 852 883 
852 (0.000000,0.000000) 4 819 316 945 264 
945 (0.000000,0.000000) 4 642 852 799 547 
799 (0.000000,0.000000) 4 235 945 251 627 
251 (0.000000,0.000000) 3 386 799 13 
538 (0.000000,0.000000) 3 978 818 331 
818 (0.000000,0.000000) 4 835 538 421 216 
421 (0.000000,0.000000) 4 182 818 435 702 
435 (0.000000,0.000000) 4 879 421 811 311 
811 (0.000000,0.000000) 4 207 435 656 877 
656 (0.000000,0.000000) 4 801 811 821 239 
821 (0.000000,0.000000) 4 509 656 740 128 
740 (0.000000,0.000000) 4 675 821 985 298 
985 (0.000000,0.000000) 4 808 740 7 25 
7 (0.000000,0.000000) 4 221 985 213 291 
213 (0.000000,0.000000) 4 95 7 426 305 
426 (0.000000,0.000000) 4 751 213 75 197 
75 (0.000000,0.000000) 4 49 426 44 289 
44 (0.000000,0.000000) 4 81 75 100 203 
100 (0.000000,0.000000) 4 29 44 883 655 
883 (0.000000,0.000000) 4 316 100 264 856 
264 (0.000000,0.000000) 4 852 883 547 416 
547 (0.000000,0.000000) 4 945 264 627 80 
627 (0.000000,0.000000) 4 799 547 13 459 
13 (0.000000,0.000000) 3 251 627 532 
331 (0.000000,0.000000) 3 538 216 78 
216 (0.000000,0.000000) 4 818 331 702 148 
702 (0.000000,0.000000) 4 421 216 311 738 
311 (0.000000,0.000000) 4 435 702 877 56 
877 (0.000000,0.000000) 4 811 311 239 161 
239 (0.000000,0.000000) 4 656 877 128 607 
128 (0.000000,0.000000) 4 821 239 298 376 
298 (0.000000,0.000000) 4 740 128 25 47 
25 (0.000000,0.000000) 4 985 298 291 660 
291 (0.000000,0.000000) 4 7 25 305 250 
305 (0.000000,0.000000) 4 213 291 197 166 
197 (0.000000,0.000000) 4 426 305 289 275 
289 (0.000000,0.000000) 4 75 197 203 229 
203 (0.000000,0.000000) 4 44 289 655 471 
655 (0.000000,0.000000) 4 100 203 856 189 
856 (0.000000,0.000000) 4 883 655 416 674 
416 (0.000000,0.000000) 4 264 856 80 844 
80 (0.000000,0.000000) 4 547 416 459 89 
459 (0.000000,0.000000) 4 627 80 532 923 
532 (0.000000,0.000000) 3 13 459 654 
78 (0.000000,0.000000) 3 331 148 454 
148 (0.000000,0.000000) 4 216 78 738 817 
738 (0.000000,0.000000) 4 702 148 56 711 
56 (0.000000,0.000000) 4 311 738 161 125 
161 (0.000000,0.000000) 4 877 56 607 131 
607 (0.000000,0.000000) 4 239 161 376 249 
376 (0.000000,0.000000) 4 128 607 47 177 
47 (0.000000,0.000000) 4 298 376 660 909 
660 (0.000000,0.000000) 4 25 47 250 890 
250 (0.000000,0.000000) 4 291 660 166 452 
166 (0.000000,0.000000) 4 305 250 275 407 
275 (0.000000,0.000000) 4 197 166 229 432 
229 (0.000000,0.000000) 4 289 275 471 214 
471 (0.000000,0.000000) 4 203 229 189 604 
189 (0.000000,0.000000) 4 655 471 674 255 
674 (0.000000,0.000000) 4 856 189 844 825 
844 (0.000000,0.000000) 4 416 674 89 245 
89 (0.000000,0.000000) 4 80 844 923 548 
923 (0.000000,0.000000) 4 459 89 654 368 
654 (0.000000,0.000000) 3 532 923 520 
454 (0.000000,0.000000) 3 78 817 201 
817 (0.000000,0.000000) 4 148 454 711 266 
711 (0.000000,0.000000) 4 738 817 125 325 
125 (0.000000,0.000000) 4 56 711 131 370 
131 (0.000000,0.000000) 4 161 125 249 208 
249 (0.000000,0.000000) 4 607 131 177 334 
177 (0.000000,0.000000) 4 376 249 909 301 
909 (0.000000,0.000000) 4 47 177 890 850 
890 (0.000000,0.000000) 4 660 909 452 810 
452 (0.000000,0.000000) 4 250 890 407 783 
407 (0.000000,0.000000) 4 166 452 432 98 
432 (0.000000,0.000000) 4 275 407 214 358 
214 (0.000000,0.000000) 4 229 432 604 902 
604 (0.000000,0.000000) 4 471 214 255 115 
255 (0.000000,0.000000) 4 189 604 825 516 
825 (0.000000,0.000000) 4 674 255 245 490 
245 (0.000000,0.000000) 4 844 825 548 299 
548 (0.000000,0.000000) 4 89 245 368 521 
368 (0.000000,0.000000) 4 923 548 520 446 
520 (0.000000,0.000000) 3 654 368 270 
201 (0.000000,0.000000) 3 454 266 184 
266 (0.000000,0.000000) 4 817 201 325 519 
325 (0.000000,0.000000) 4 711 266 370 169 
370 (0.000000,0.000000) 4 125 325 208 551 
208 (0.000000,0.000000) 4 131 370 334 722 
334 (0.000000,0.000000) 4 249 208 301 715 
301 (0.000000,0.000000) 4 177 334 850 759 
850 (0.000000,0.000000) 4 909 301 810 776 
810 (0.000000,0.000000) 4 890 850 783 59 
783 (0.000000,0.000000) 4 452 810 98 123 
98 (0.000000,0.000000) 4 407 783 358 193 
358 (0.000000,0.000000) 4 432 98 902 503 
902 (0.000000,0.000000) 4 214 358 115 617 
115 (0.000000,0.000000) 4 604 902 516 797 
516 (0.000000,0.000000) 4 255 115 490 862 
490 (0.000000,0.000000) 4 825 516 299 447 
299 (0.000000,0.000000) 4 245 490 521 735 
521 (0.000000,0.000000) 4 548 299 446 256 
446 (0.000000,0.000000) 4 368 521 270 352 
270 (0.000000,0.000000) 3 520 446 9 
184 (0.000000,0.000000) 3 201 519 535 
519 (0.000000,0.000000) 4 266 184 169 45 
169 (0.000000,0.000000) 4 325 519 551 438 
551 (0.000000,0.000000) 4 370 169 722 269 
722 (0.000000,0.000000) 4 208 551 715 118 
715 (0.000000,0.000000) 4 334 722 759 606 
759 (0.000000,0.000000) 4 301 715 776 983 
776 (0.000000,0.000000) 4 850 759 59 560 
59 (0.000000,0.000000) 4 810 776 123 716 
123 (0.000000,0.000000) 4 783 59 193 687 
193 (0.000000,0.000000) 4 98 123 503 126 
503 (0.000000,0.000000) 4 358 193 617 730 
617 (0.000000,0.000000) 4 902 503 797 623 
797 (0.000000,0.000000) 4 115 617 862 820 
862 (0.000000,0.000000) 4 516 797 447 582 
447 (0.000000,0.000000) 4 490 862 735 478 
735 (0.000000,0.000000) 4 299 447 256 789 
256 (0.000000,0.000000) 4 521 735 352 691 
352 (0.000000,0.000000) 4 446 256 9 599 
9 (0.000000,0.000000) 3 270 352 854 
535 (0.000000,0.000000) 3 184 45 528 
45 (0.000000,0.000000) 4 519 535 438 785 
438 (0.000000,0.000000) 4 169 45 269 62 
269 (0.000000,0.000000) 4 551 438 118 851 
118 (0.000000,0.000000) 4 722 269 606 284 
606 (0.000000,0.000000) 4 715 118 983 596 
983 (0.000000,0.000000) 4 759 606 560 842 
560 (0.000000,0.000000) 4 776 983 716 648 
716 (0.000000,0.000000) 4 59 560 687 602 
687 (0.000000,0.000000) 4 123 716 126 816 
126 (0.000000,0.000000) 4 193 687 730 484 
730 (0.000000,0.000000) 4 503 126 623 277 
623 (0.000000,0.000000) 4 617 730 820 611 
820 (0.000000,0.000000) 4 797 623 582 875 
582 (0.000000,0.000000) 4 862 820 478 37 
478 (0.000000,0.000000) 4 447 582 789 35 
789 (0.000000,0.000000) 4 735 478 691 916 
691 (0.000000,0.000000) 4 256 789 599 638 
599 (0.000000,0.000000) 4 352 691 854 180 
854 (0.000000,0.000000) 3 9 599 233 
528 (0.000000,0.000000) 3 535 785 988 
785 (0.000000,0.000000) 4 45 528 62 510 
62 (0.000000,0.000000) 4 438 785 851 581 
851 (0.000000,0.000000) 4 269 62 284 748 
284 (0.000000,0.000000) 4 118 851 596 826 
596 (0.000000,0.000000) 4 606 284 842 461 
842 (0.000000,0.000000) 4 983 596 648 839 
648 (0.000000,0.000000) 4 560 842 602 314 
602 (0.000000,0.000000) 4 716 648 816 296 
816 (0.000000,0.000000) 4 687 602 484 758 
484 (0.000000,0.000000) 4 126 816 277 590 
277 (0.000000,0.000000) 4 730 484 611 897 
611 (0.000000,0.000000) 4 623 277 875 755 
875 (0.000000,0.000000) 4 820 611 37 247 
37 (0.000000,0.000000) 4 582 875 35 813 
35 (0.000000,0.000000) 4 478 37 916 926 
916 (0.000000,0.000000) 4 789 35 638 142 
638 (0.000000,0.000000) 4 691 916 180 397 
180 (0.000000,0.000000) 4 599 638 233 321 
233 (0.000000,0.000000) 3 854 180 981 
988 (0.000000,0.000000) 3 528 510 963 
510 (0.000000,0.000000) 4 785 988 581 170 
581 (0.000000,0.000000) 4 62 510 748 569 
748 (0.000000,0.000000) 4 851 581 826 652 
826 (0.000000,0.000000) 4 284 748 461 400 
461 (0.000000,0.000000) 4 596 826 839 588 
839 (0.000000,0.000000) 4 842 461 314 238 
314 (0.000000,0.000000) 4 648 839 296 884 
296 (0.000000,0.000000) 4 602 314 758 347 
758 (0.000000,0.000000) 4 816 296 590 469 
590 (0.000000,0.000000) 4 484 758 897 173 
897 (0.000000,0.000000) 4 277 590 755 746 
755 (0.000000,0.000000) 4 611 897 247 593 
247 (0.000000,0.000000) 4 875 755 813 505 
813 (0.000000,0.000000) 4 37 247 926 680 
926 (0.000000,0.000000) 4 35 813 142 914 
142 (0.000000,0.000000) 4 916 926 397 733 
397 (0.000000,0.000000) 4 638 142 321 695 
321 (0.000000,0.000000) 4 180 397 981 732 
981 (0.000000,0.000000) 3 233 321 742 
963 (0.000000,0.000000) 3 988 170 615 
170 (0.000000,0.000000) 4 510 963 569 383 
569 (0.000000,0.000000) 4 581 170 652 772 
652 (0.000000,0.000000) 4 748 569 400 782 
400 (0.000000,0.000000) 4 826 652 588 628 
588 (0.000000,0.000000) 4 461 400 238 564 
238 (0.000000,0.000000) 4 839 588 884 366 
884 (0.000000,0.000000) 4 314 238 347 907 
347 (0.000000,0.000000) 4 296 884 469 307 
469 (0.000000,0.000000) 4 758 347 173 947 
173 (0.000000,0.000000) 4 590 469 746 252 
746 (0.000000,0.000000) 4 897 173 593 398 
593 (0.000000,0.000000) 4 755 746 505 997 
505 (0.000000,0.000000) 4 247 593 680 641 
680 (0.000000,0.000000) 4 813 505 914 343 
914 (0.000000,0.000000) 4 926 680 733 853 
733 (0.000000,0.000000) 4 142 914 695 672 
695 (0.000000,0.000000) 4 397 733 732 585 
732 (0.000000,0.000000) 4 321 695 742 414 
742 (0.000000,0.000000) 3 981 732 922 
615 (0.000000,0.000000) 3 963 383 597 
383 (0.000000,0.000000) 4 170 615 772 338 
772 (0.000000,0.000000) 4 569 383 782 578 
782 (0.000000,0.000000) 4 652 772 628 18 
628 (0.000000,0.000000) 4 400 782 564 949 
564 (0.000000,0.000000) 4 588 628 366 934 
366 (0.000000,0.000000) 4 238 564 907 666 
907 (0.000000,0.000000) 4 884 366 307 727 
307 (0.000000,0.000000) 4 347 907 947 592 
947 (0.000000,0.000000) 4 469 307 252 911 
252 (0.000000,0.000000) 4 173 947 398 620 
398 (0.000000,0.000000) 4 746 252 997 288 
997 (0.000000,0.000000) 4 593 398 641 48 
641 (0.000000,0.000000) 4 505 997 343 900 
343 (0.000000,0.000000) 4 680 641 853 237 
853 (0.000000,0.000000) 4 914 343 672 836 
672 (0.000000,0.000000) 4 733 853 585 731 
585 (0.000000,0.000000) 4 695 672 414 689 
414 (0.000000,0.000000) 4 732 585 922 103 
922 (0.000000,0.000000) 3 742 414 457 
597 (0.000000,0.000000) 3 615 338 109 
338 (0.000000,0.000000) 4 383 597 578 472 
578 (0.000000,0.000000) 4 772 338 18 757 
18 (0.000000,0.000000) 4 782 578 949 929 
949 (0.000000,0.000000) 4 628 18 934 774 
934 (0.000000,0.000000) 4 564 949 666 349 
666 (0.000000,0.000000) 4 366 934 727 222 
727 (0.000000,0.000000) 4 907 666 592 886 
592 (0.000000,0.000000) 4 307 727 911 241 
911 (0.000000,0.000000) 4 947 592 620 525 
620 (0.000000,0.000000) 4 252 911 288 320 
288 (0.000000,0.000000) 4 398 620 48 571 
48 (0.000000,0.000000) 4 997 288 900 487 
900 (0.000000,0.000000) 4 641 48 237 156 
237 (0.000000,0.000000) 4 343 900 836 575 
836 (0.000000,0.000000) 4 853 237 731 550 
731 (0.000000,0.000000) 4 672 836 689 794 
689 (0.000000,0.000000) 4 585 731 103 96 
103 (0.000000,0.000000) 4 414 689 457 265 
457 (0.000000,0.000000) 3 922 103 24 
109 (0.000000,0.000000) 3 597 472 22 
472 (0.000000,0.000000) 4 338 109 757 650 
757 (0.000000,0.000000) 4 578 472 929 959 
929 (0.000000,0.000000) 4 18 757 774 242 
774 (0.000000,0.000000) 4 949 929 349 618 
349 (0.000000,0.000000) 4 934 774 222 94 
222 (0.000000,0.000000) 4 666 349 886 989 
886 (0.000000,0.000000) 4 727 222 241 83 
241 (0.000000,0.000000) 4 592 886 525 944 
525 (0.000000,0.000000) 4 911 241 320 871 
320 (0.000000,0.000000) 4 620 525 571 324 
571 (0.000000,0.000000) 4 288 320 487 493 
487 (0.000000,0.000000) 4 48 571 156 210 
156 (0.000000,0.000000) 4 900 487 575 355 
575 (0.000000,0.000000) 4 237 156 550 950 
550 (0.000000,0.000000) 4 836 575 794 992 
794 (0.000000,0.000000) 4 731 550 96 497 
96 (0.000000,0.000000) 4 689 794 265 65 
265 (0.000000,0.000000) 4 103 96 24 684 
24 (0.000000,0.000000) 3 457 265 507 
22 (0.000000,0.000000) 3 109 650 371 
650 (0.000000,0.000000) 4 472 22 959 847 
959 (0.000000,0.000000) 4 757 650 242 977 
242 (0.000000,0.000000) 4 929 959 618 302 
618 (0.000000,0.000000) 4 774 242 94 224 
94 (0.000000,0.000000) 4 349 618 989 143 
989 (0.000000,0.000000) 4 222 94 83 63 
83 (0.000000,0.000000) 4 886 989 944 58 
944 (0.000000,0.000000) 4 241 83 871 866 
871 (0.000000,0.000000) 4 525 944 324 474 
324 (0.000000,0.000000) 4 320 871 493 910 
493 (0.000000,0.000000) 4 571 324 210 775 
210 (0.000000,0.000000) 4 487 493 355 372 
355 (0.000000,0.000000) 4 156 210 950 809 
950 (0.000000,0.000000) 4 575 355 992 437 
992 (0.000000,0.000000) 4 550 950 497 281 
497 (0.000000,0.000000) 4 794 992 65 492 
65 (0.000000,0.000000) 4 96 497 684 812 
684 (0.000000,0.000000) 4 265 65 507 101 
507 (0.000000,0.000000) 3 24 684 891 
371 (0.000000,0.000000) 3 22 847 139 
847 (0.000000,0.000000) 4 650 371 977 219 
977 (0.000000,0.000000) 4 959 847 302 179 
302 (0.000000,0.000000) 4 242 977 224 20 
224 (0.000000,0.000000) 4 618 302 143 986 
143 (0.000000,0.000000) 4 94 224 63 594 
63 (0.000000,0.000000) 4 989 143 58 88 
58 (0.000000,0.000000) 4 83 63 866 42 
866 (0.000000,0.000000) 4 944 58 474 448 
474 (0.000000,0.000000) 4 871 866 910 987 
910 (0.000000,0.000000) 4 324 474 775 451 
775 (0.000000,0.000000) 4 493 910 372 313 
372 (0.000000,0.000000) 4 210 775 809 831 
809 (0.000000,0.000000) 4 355 372 437 574 
437 (0.000000,0.000000) 4 950 809 281 586 
281 (0.000000,0.000000) 4 992 437 492 332 
492 (0.000000,0.000000) 4 497 281 812 991 
812 (0.000000,0.000000) 4 65 492 101 802 
101 (0.000000,0.000000) 4 684 812 891 64 
891 (0.000000,0.000000) 3 507 101 6 
139 (0.000000,0.000000) 3 371 219 306 
219 (0.000000,0.000000) 4 847 139 179 936 
179 (0.000000,0.000000) 4 977 219 20 134 
20 (0.000000,0.000000) 4 302 179 986 467 
986 (0.000000,0.000000) 4 224 20 594 705 
594 (0.000000,0.000000) 4 143 986 88 60 
88 (0.000000,0.000000) 4 63 594 42 171 
42 (0.000000,0.000000) 4 58 88 448 743 
448 (0.000000,0.000000) 4 866 42 987 379 
987 (0.000000,0.000000) 4 474 448 451 745 
451 (0.000000,0.000000) 4 910 987 313 76 
313 (0.000000,0.000000) 4 775 451 831 15 
831 (0.000000,0.000000) 4 372 313 574 898 
574 (0.000000,0.000000) 4 809 831 586 517 
586 (0.000000,0.000000) 4 437 574 332 236 
332 (0.000000,0.000000) 4 281 586 991 636 
991 (0.000000,0.000000) 4 492 332 802 3 
802 (0.000000,0.000000) 4 812 991 64 918 
64 (0.000000,0.000000) 4 101 802 6 874 
6 (0.000000,0.000000) 3 891 64 707 
306 (0.000000,0.000000) 3 139 936 453 
936 (0.000000,0.000000) 4 219 306 134 187 
134 (0.000000,0.000000) 4 179 936 467 750 
467 (0.000000,0.000000) 4 20 134 705 1 
705 (0.000000,0.000000) 4 986 467 60 102 
60 (0.000000,0.000000) 4 594 705 171 172 
171 (0.000000,0.000000) 4 88 60 743 312 
743 (0.000000,0.000000) 4 42 171 379 598 
379 (0.000000,0.000000) 4 448 743 745 567 
745 (0.000000,0.000000) 4 987 379 76 662 
76 (0.000000,0.000000) 4 451 745 15 984 
15 (0.000000,0.000000) 4 313 76 898 559 
898 (0.000000,0.000000) 4 831 15 517 779 
517 (0.000000,0.000000) 4 574 898 236 500 
236 (0.000000,0.000000) 4 586 517 636 304 
636 (0.000000,0.000000) 4 332 236 3 515 
3 (0.000000,0.000000) 4 991 636 918 768 
918 (0.000000,0.000000) 4 802 3 874 475 
874 (0.000000,0.000000) 4 64 918 707 558 
707 (0.000000,0.000000) 3 6 874 279 
453 (0.000000,0.000000) 3 306 187 659 
187 (0.000000,0.000000) 4 936 453 750 151 
750 (0.000000,0.000000) 4 134 187 1 361 
1 (0.000000,0.000000) 4 467 750 102 610 
102 (0.000000,0.000000) 4 705 1 172 587 
172 (0.000000,0.000000) 4 60 102 312 364 
312 (0.000000,0.000000) 4 171 172 598 181 
598 (0.000000,0.000000) 4 743 312 567 494 
567 (0.000000,0.000000) 4 379 598 662 422 
662 (0.000000,0.000000) 4 745 567 984 327 
984 (0.000000,0.000000) 4 76 662 559 260 
559 (0.000000,0.000000) 4 15 984 779 77 
779 (0.000000,0.000000) 4 898 559 500 27 
500 (0.000000,0.000000) 4 517 779 304 483 
304 (0.000000,0.000000) 4 236 500 515 342 
515 (0.000000,0.000000) 4 636 304 768 113 
768 (0.000000,0.000000) 4 3 515 475 676 
475 (0.000000,0.000000) 4 918 768 558 849 
558 (0.000000,0.000000) 4 874 475 279 157 
279 (0.000000,0.000000) 3 707 558 806 
659 (0.000000,0.000000) 3 453 151 579 
151 (0.000000,0.000000) 4 187 659 361 643 
361 (0.000000,0.000000) 4 750 151 610 624 
610 (0.000000,0.000000) 4 1 361 587 651 
587 (0.000000,0.000000) 4 102 610 364 766 
364 (0.000000,0.000000) 4 172 587 181 855 
181 (0.000000,0.000000) 4 312 364 494 261 
494 (0.000000,0.000000) 4 598 181 422 954 
422 (0.000000,0.000000) 4 567 494 327 443 
327 (0.000000,0.000000) 4 662 422 260 460 
260 (0.000000,0.000000) 4 984 327 77 135 
77 (0.000000,0.000000) 4 559 260 27 637 
27 (0.000000,0.000000) 4 779 77 483 374 
483 (0.000000,0.000000) 4 500 27 342 385 
342 (0.000000,0.000000) 4 304 483 113 714 
113 (0.000000,0.000000) 4 515 342 676 861 
676 (0.000000,0.000000) 4 768 113 849 218 
849 (0.000000,0.000000) 4 475 676 157 709 
157 (0.000000,0.000000) 4 558 849 806 479 
806 (0.000000,0.000000) 3 279 157 206 
579 (0.000000,0.000000) 3 659 643 335 
643 (0.000000,0.000000) 4 151 579 624 693 
624 (0.000000,0.000000) 4 361 643 651 514 
651 (0.000000,0.000000) 4 610 624 766 359 
766 (0.000000,0.000000) 4 587 651 855 496 
855 (0.000000,0.000000) 4 364 766 261 673 
261 (0.000000,0.000000) 4 181 855 954 244 
954 (0.000000,0.000000) 4 494 261 443 67 
443 (0.000000,0.000000) 4 422 954 460 798 
460 (0.000000,0.000000) 4 327 443 135 186 
135 (0.000000,0.000000) 4 260 460 637 287 
637 (0.000000,0.000000) 4 77 135 374 16 
374 (0.000000,0.000000) 4 27 637 385 466 
385 (0.000000,0.000000) 4 483 374 714 974 
714 (0.000000,0.000000) 4 342 385 861 28 
861 (0.000000,0.000000) 4 113 714 218 634 
218 (0.000000,0.000000) 4 676 861 709 605 
709 (0.000000,0.000000) 4 849 218 479 52 
479 (0.000000,0.000000) 4 157 709 206 79 
206 (0.000000,0.000000) 3 806 479 104 
335 (0.000000,0.000000) 3 579 693 93 
693 (0.000000,0.000000) 4 643 335 514 191 
514 (0.000000,0.000000) 4 624 693 359 232 
359 (0.000000,0.000000) 4 651 514 496 701 
496 (0.000000,0.000000) 4 766 359 673 85 
673 (0.000000,0.000000) 4 855 496 244 309 
244 (0.000000,0.000000) 4 261 673 67 163 
67 (0.000000,0.000000) 4 954 244 798 754 
798 (0.000000,0.000000) 4 443 67 186 106 
186 (0.000000,0.000000) 4 460 798 287 384 
287 (0.000000,0.000000) 4 135 186 16 420 
16 (0.000000,0.000000) 4 637 287 466 154 
466 (0.000000,0.000000) 4 374 16 974 121 
974 (0.000000,0.000000) 4 385 466 28 939 
28 (0.000000,0.000000) 4 714 974 634 663 
634 (0.000000,0.000000) 4 861 28 605 566 
605 (0.000000,0.000000) 4 218 634 52 415 
52 (0.000000,0.000000) 4 709 605 79 240 
79 (0.000000,0.000000) 4 479 52 104 882 
104 (0.000000,0.000000) 3 206 79 912 
93 (0.000000,0.000000) 3 335 191 396 
191 (0.000000,0.000000) 4 693 93 232 665 
232 (0.000000,0.000000) 4 514 191 701 943 
701 (0.000000,0.000000) 4 359 232 85 979 
85 (0.000000,0.000000) 4 496 701 309 130 
309 (0.000000,0.000000) 4 673 85 163 996 
163 (0.000000,0.000000) 4 244 309 754 119 
754 (0.000000,0.000000) 4 67 163 106 621 
106 (0.000000,0.000000) 4 798 754 384 728 
384 (0.000000,0.000000) 4 186 106 420 317 
420 (0.000000,0.000000) 4 287 384 154 4 
154 (0.000000,0.000000) 4 16 420 121 529 
121 (0.000000,0.000000) 4 466 154 939 495 
939 (0.000000,0.000000) 4 974 121 663 837 
663 (0.000000,0.000000) 4 28 939 566 894 
566 (0.000000,0.000000) 4 634 663 415 350 
415 (0.000000,0.000000) 4 605 566 240 741 
240 (0.000000,0.000000) 4 52 415 882 970 
882 (0.000000,0.000000) 4 79 240 912 719 
912 (0.000000,0.000000) 3 104 882 540 
396 (0.000000,0.000000) 3 93 665 863 
665 (0.000000,0.000000) 4 191 396 943 391 
943 (0.000000,0.000000) 4 232 665 979 796 
979 (0.000000,0.000000) 4 701 943 130 26 
130 (0.000000,0.000000) 4 85 979 996 998 
996 (0.000000,0.000000) 4 309 130 119 476 
119 (0.000000,0.000000) 4 163 996 621 726 
621 (0.000000,0.000000) 4 754 119 728 463 
728 (0.000000,0.000000) 4 106 621 317 294 
317 (0.000000,0.000000) 4 384 728 4 792 
4 (0.000000,0.000000) 4 420 317 529 36 
529 (0.000000,0.000000) 4 154 4 495 626 
495 (0.000000,0.000000) 4 121 529 837 990 
837 (0.000000,0.000000) 4 939 495 894 455 
894 (0.000000,0.000000) 4 663 837 350 433 
350 (0.000000,0.000000) 4 566 894 741 917 
741 (0.000000,0.000000) 4 415 350 970 293 
970 (0.000000,0.000000) 4 240 741 719 522 
719 (0.000000,0.000000) 4 882 970 540 202 
540 (0.000000,0.000000) 3 912 719 713 
863 (0.000000,0.000000) 3 396 391 328 
391 (0.000000,0.000000) 4 665 863 796 857 
796 (0.000000,0.000000) 4 943 391 26 499 
26 (0.000000,0.000000) 4 979 796 998 31 
998 (0.000000,0.000000) 4 130 26 476 146 
476 (0.000000,0.000000) 4 996 998 726 34 
726 (0.000000,0.000000) 4 119 476 463 972 
463 (0.000000,0.000000) 4 621 726 294 534 
294 (0.000000,0.000000) 4 728 463 792 174 
792 (0.000000,0.000000) 4 317 294 36 542 
36 (0.000000,0.000000) 4 4 792 626 533 
626 (0.000000,0.000000) 4 529 36 990 310 
990 (0.000000,0.000000) 4 495 626 455 614 
455 (0.000000,0.000000) 4 837 990 433 336 
433 (0.000000,0.000000) 4 894 455 917 339 
917 (0.000000,0.000000) 4 350 433 293 583 
293 (0.000000,0.000000) 4 741 917 522 473 
522 (0.000000,0.000000) 4 970 293 202 925 
202 (0.000000,0.000000) 4 719 522 713 450 
713 (0.000000,0.000000) 3 540 202 257 
328 (0.000000,0.000000) 3 863 857 804 
857 (0.000000,0.000000) 4 391 328 499 953 
499 (0.000000,0.000000) 4 796 857 31 625 
31 (0.000000,0.000000) 4 26 499 146 297 
146 (0.000000,0.000000) 4 998 31 34 381 
34 (0.000000,0.000000) 4 476 146 972 38 
972 (0.000000,0.000000) 4 726 34 534 889 
534 (0.000000,0.000000) 4 463 972 174 841 
174 (0.000000,0.000000) 4 294 534 542 549 
542 (0.000000,0.000000) 4 792 174 533 99 
533 (0.000000,0.000000) 4 36 542 310 462 
310 (0.000000,0.000000) 4 626 533 614 92 
614 (0.000000,0.000000) 4 990 310 336 68 
336 (0.000000,0.000000) 4 455 614 339 788 
339 (0.000000,0.000000) 4 433 336 583 136 
583 (0.000000,0.000000) 4 917 339 473 968 
473 (0.000000,0.000000) 4 293 583 925 429 
925 (0.000000,0.000000) 4 522 473 450 508 
450 (0.000000,0.000000) 4 202 925 257 603 
257 (0.000000,0.000000) 3 713 450 904 
804 (0.000000,0.000000) 3 328 953 504 
953 (0.000000,0.000000) 4 857 804 625 867 
625 (0.000000,0.000000) 4 499 953 297 830 
297 (0.000000,0.000000) 4 31 625 381 482 
381 (0.000000,0.000000) 4 146 297 38 168 
38 (0.000000,0.000000) 4 34 381 889 373 
889 (0.000000,0.000000) 4 972 38 841 488 
841 (0.000000,0.000000) 4 534 889 549 2 
549 (0.000000,0.000000) 4 174 841 99 536 
99 (0.000000,0.000000) 4 542 549 462 300 
462 (0.000000,0.000000) 4 533 99 92 199 
92 (0.000000,0.000000) 4 310 462 68 770 
68 (0.000000,0.000000) 4 614 92 788 557 
788 (0.000000,0.000000) 4 336 68 136 286 
136 (0.000000,0.000000) 4 339 788 968 749 
968 (0.000000,0.000000) 4 583 136 429 787 
429 (0.000000,0.000000) 4 473 968 508 512 
508 (0.000000,0.000000) 4 925 429 603 999 
603 (0.000000,0.000000) 4 450 508 904 653 
904 (0.000000,0.000000) 3 257 603 465 
504 (0.000000,0.000000) 3 804 867 671 
867 (0.000000,0.000000) 4 953 504 830 97 
830 (0.000000,0.000000) 4 625 867 482 744 
482 (0.000000,0.000000) 4 297 830 168 248 
168 (0.000000,0.000000) 4 381 482 373 111 
373 (0.000000,0.000000) 4 38 168 488 285 
488 (0.000000,0.000000) 4 889 373 2 697 
2 (0.000000,0.000000) 4 841 488 536 896 
536 (0.000000,0.000000) 4 549 2 300 362 
300 (0.000000,0.000000) 4 99 536 199 678 
199 (0.000000,0.000000) 4 462 300 770 413 
770 (0.000000,0.000000) 4 92 199 557 688 
557 (0.000000,0.000000) 4 68 770 286 116 
286 (0.000000,0.000000) 4 788 557 749 865 
749 (0.000000,0.000000) 4 136 286 787 464 
787 (0.000000,0.000000) 4 968 749 512 17 
512 (0.000000,0.000000) 4 429 787 999 848 
999 (0.000000,0.000000) 4 508 512 653 845 
653 (0.000000,0.000000) 4 603 999 465 703 
465 (0.000000,0.000000) 3 904 653 771 
671 (0.000000,0.000000) 3 504 97 393 
97 (0.000000,0.000000) 4 867 671 744 921 
744 (0.000000,0.000000) 4 830 97 248 613 
248 (0.000000,0.000000) 4 482 744 111 468 
111 (0.000000,0.000000) 4 168 248 285 706 
285 (0.000000,0.000000) 4 373 111 697 956 
697 (0.000000,0.000000) 4 488 285 896 190 
896 (0.000000,0.000000) 4 2 697 362 524 
362 (0.000000,0.000000) 4 536 896 678 556 
678 (0.000000,0.000000) 4 300 362 413 790 
413 (0.000000,0.000000) 4 199 678 688 345 
688 (0.000000,0.000000) 4 770 413 116 885 
116 (0.000000,0.000000) 4 557 688 865 159 
865 (0.000000,0.000000) 4 286 116 464 657 
464 (0.000000,0.000000) 4 749 865 17 147 
17 (0.000000,0.000000) 4 787 464 848 969 
848 (0.000000,0.000000) 4 512 17 845 212 
845 (0.000000,0.000000) 4 999 848 703 893 
703 (0.000000,0.000000) 4 653 845 771 412 
771 (0.000000,0.000000) 3 465 703 800 
393 (0.000000,0.000000) 3 671 921 61 
921 (0.000000,0.000000) 4 97 393 613 72 
613 (0.000000,0.000000) 4 744 921 468 410 
468 (0.000000,0.000000) 4 248 613 706 931 
706 (0.000000,0.000000) 4 111 468 956 870 
956 (0.000000,0.000000) 4 285 706 190 160 
190 (0.000000,0.000000) 4 697 956 524 377 
524 (0.000000,0.000000) 4 896 190 556 404 
556 (0.000000,0.000000) 4 362 524 790 781 
790 (0.000000,0.000000) 4 678 556 345 427 
345 (0.000000,0.000000) 4 413 790 885 858 
885 (0.000000,0.000000) 4 688 345 159 498 
159 (0.000000,0.000000) 4 116 885 657 658 
657 (0.000000,0.000000) 4 865 159 147 348 
147 (0.000000,0.000000) 4 464 657 969 888 
969 (0.000000,0.000000) 4 17 147 212 150 
212 (0.000000,0.000000) 4 848 969 893 43 
893 (0.000000,0.000000) 4 845 212 412 526 
412 (0.000000,0.000000) 4 703 893 800 133 
800 (0.000000,0.000000) 3 771 412 803 
61 (0.000000,0.000000) 3 393 72 66 
72 (0.000000,0.000000) 4 921 61 410 439 
410 (0.000000,0.000000) 4 613 72 931 445 
931 (0.000000,0.000000) 4 468 410 870 271 
870 (0.000000,0.000000) 4 706 931 160 153 
160 (0.000000,0.000000) 4 956 870 377 511 
377 (0.000000,0.000000) 4 190 160 404 908 
404 (0.000000,0.000000) 4 524 377 781 868 
781 (0.000000,0.000000) 4 556 404 427 565 
427 (0.000000,0.000000) 4 790 781 858 315 
858 (0.000000,0.000000) 4 345 427 498 389 
498 (0.000000,0.000000) 4 885 858 658 753 
658 (0.000000,0.000000) 4 159 498 348 644 
348 (0.000000,0.000000) 4 657 658 888 117 
888 (0.000000,0.000000) 4 147 348 150 576 
150 (0.000000,0.000000) 4 969 888 43 200 
43 (0.000000,0.000000) 4 212 150 526 282 
526 (0.000000,0.000000) 4 893 43 133 739 
133 (0.000000,0.000000) 4 412 526 803 53 
803 (0.000000,0.000000) 3 800 133 777 
66 (0.000000,0.000000) 3 61 439 645 
439 (0.000000,0.000000) 4 72 66 445 491 
445 (0.000000,0.000000) 4 410 439 271 8 
271 (0.000000,0.000000) 4 931 445 153 10 
153 (0.000000,0.000000) 4 870 271 511 195 
511 (0.000000,0.000000) 4 160 153 908 537 
908 (0.000000,0.000000) 4 377 511 868 761 
868 (0.000000,0.000000) 4 404 908 565 23 
565 (0.000000,0.000000) 4 781 868 315 967 
315 (0.000000,0.000000) 4 427 565 389 846 
389 (0.000000,0.000000) 4 858 315 753 661 
753 (0.000000,0.000000) 4 498 389 644 501 
644 (0.000000,0.000000) 4 658 753 117 40 
117 (0.000000,0.000000) 4 348 644 576 55 
576 (0.000000,0.000000) 4 888 117 200 639 
200 (0.000000,0.000000) 4 150 576 282 395 
282 (0.000000,0.000000) 4 43 200 739 323 
739 (0.000000,0.000000) 4 526 282 53 667 
53 (0.000000,0.000000) 4 133 739 777 409 
777 (0.000000,0.000000) 3 803 53 906 
645 (0.000000,0.000000) 3 66 491 980 
491 (0.000000,0.000000) 4 439 645 8 767 
8 (0.000000,0.000000) 4 445 491 10 405 
10 (0.000000,0.000000) 4 271 8 195 259 
195 (0.000000,0.000000) 4 153 10 537 784 
537 (0.000000,0.000000) 4 511 195 761 57 
761 (0.000000,0.000000) 4 908 537 23 178 
23 (0.000000,0.000000) 4 868 761 967 940 
967 (0.000000,0.000000) 4 565 23 846 563 
846 (0.000000,0.000000) 4 315 967 661 880 
661 (0.000000,0.000000) 4 389 846 501 692 
501 (0.000000,0.000000) 4 753 661 40 859 
40 (0.000000,0.000000) 4 644 501 55 357 
55 (0.000000,0.000000) 4 117 40 639 723 
639 (0.000000,0.000000) 4 576 55 395 346 
395 (0.000000,0.000000) 4 200 639 323 647 
323 (0.000000,0.000000) 4 282 395 667 737 
667 (0.000000,0.000000) 4 739 323 409 144 
409 (0.000000,0.000000) 4 53 667 906 108 
906 (0.000000,0.000000) 3 777 409 196 
980 (0.000000,0.000000) 3 645 767 677 
767 (0.000000,0.000000) 4 491 980 405 995 
405 (0.000000,0.000000) 4 8 767 259 994 
259 (0.000000,0.000000) 4 10 405 784 982 
784 (0.000000,0.000000) 4 195 259 57 1000 
57 (0.000000,0.000000) 4 537 784 178 124 
178 (0.000000,0.000000) 4 761 57 940 82 
940 (0.000000,0.000000) 4 23 178 563 670 
563 (0.000000,0.000000) 4 967 940 880 600 
880 (0.000000,0.000000) 4 846 563 692 267 
692 (0.000000,0.000000) 4 661 880 859 527 
859 (0.000000,0.000000) 4 501 692 357 805 
357 (0.000000,0.000000) 4 40 859 723 406 
723 (0.000000,0.000000) 4 55 357 346 419 
346 (0.000000,0.000000) 4 639 723 647 46 
647 (0.000000,0.000000) 4 395 346 737 228 
737 (0.000000,0.000000) 4 323 647 144 341 
144 (0.000000,0.000000) 4 667 737 108 436 
108 (0.000000,0.000000) 4 409 144 196 138 
196 (0.000000,0.000000) 3 906 108 773 
677 (0.000000,0.000000) 3 980 995 993 
995 (0.000000,0.000000) 4 767 677 994 485 
994 (0.000000,0.000000) 4 405 995 982 712 
982 (0.000000,0.000000) 4 259 994 1000 74 
1000 (0.000000,0.000000) 4 784 982 124 442 
124 (0.000000,0.000000) 4 57 1000 82 554 
82 (0.000000,0.000000) 4 178 124 670 756 
670 (0.000000,0.000000) 4 940 82 600 458 
600 (0.000000,0.000000) 4 563 670 267 127 
267 (0.000000,0.000000) 4 880 600 527 933 
527 (0.000000,0.000000) 4 692 267 805 280 
805 (0.000000,0.000000) 4 859 527 406 30 
406 (0.000000,0.000000) 4 357 805 419 431 
419 (0.000000,0.000000) 4 723 406 46 225 
46 (0.000000,0.000000) 4 346 419 228 375 
228 (0.000000,0.000000) 4 647 46 341 840 
341 (0.000000,0.000000) 4 737 228 436 762 
436 (0.000000,0.000000) 4 144 341 138 344 
138 (0.000000,0.000000) 4 108 436 773 408 
773 (0.000000,0.000000) 3 196 138 553 
993 (0.000000,0.000000) 3 677 485 387 
485 (0.000000,0.000000) 4 995 993 712 531 
712 (0.000000,0.000000) 4 994 485 74 710 
74 (0.000000,0.000000) 4 982 712 442 423 
442 (0.000000,0.000000) 4 1000 74 554 394 
554 (0.000000,0.000000) 4 124 442 756 428 
756 (0.000000,0.000000) 4 82 554 458 418 
458 (0.000000,0.000000) 4 670 756 127 577 
127 (0.000000,0.000000) 4 600 458 933 110 
933 (0.000000,0.000000) 4 267 127 280 234 
280 (0.000000,0.000000) 4 527 933 30 399 
30 (0.000000,0.000000) 4 805 280 431 872 
431 (0.000000,0.000000) 4 406 30 225 84 
225 (0.000000,0.000000) 4 419 431 375 793 
375 (0.000000,0.000000) 4 46 225 840 356 
840 (0.000000,0.000000) 4 228 375 762 185 
762 (0.000000,0.000000) 4 341 840 344 824 
344 (0.000000,0.000000) 4 436 762 408 120 
408 (0.000000,0.000000) 4 138 344 553 192 
553 (0.000000,0.000000) 3 773 408 360 
387 (0.000000,0.000000) 3 993 531 278 
531 (0.000000,0.000000) 4 485 387 710 961 
710 (0.000000,0.000000) 4 712 531 423 895 
423 (0.000000,0.000000) 4 74 710 394 698 
394 (0.000000,0.000000) 4 442 423 428 887 
428 (0.000000,0.000000) 4 554 394 418 561 
418 (0.000000,0.000000) 4 756 428 577 834 
577 (0.000000,0.000000) 4 458 418 110 843 
110 (0.000000,0.000000) 4 127 577 234 283 
234 (0.000000,0.000000) 4 933 110 399 401 
399 (0.000000,0.000000) 4 280 234 872 696 
872 (0.000000,0.000000) 4 30 399 84 149 
84 (0.000000,0.000000) 4 431 872 793 5 
793 (0.000000,0.000000) 4 225 84 356 946 
356 (0.000000,0.000000) 4 375 793 185 295 
185 (0.000000,0.000000) 4 840 356 824 795 
824 (0.000000,0.000000) 4 762 185 120 827 
120 (0.000000,0.000000) 4 344 824 192 51 
192 (0.000000,0.000000) 4 408 120 360 899 
360 (0.000000,0.000000) 3 553 192 555 
278 (0.000000,0.000000) 3 387 961 132 
961 (0.000000,0.000000) 4 531 278 895 903 
895 (0.000000,0.000000) 4 710 961 698 322 
698 (0.000000,0.000000) 4 423 895 887 70 
887 (0.000000,0.000000) 4 394 698 561 205 
561 (0.000000,0.000000) 4 428 887 834 668 
834 (0.000000,0.000000) 4 418 561 843 791 
843 (0.000000,0.000000) 4 577 834 283 11 
283 (0.000000,0.000000) 4 110 843 401 878 
401 (0.000000,0.000000) 4 234 283 696 227 
696 (0.000000,0.000000) 4 399 401 149 223 
149 (0.000000,0.000000) 4 872 696 5 562 
5 (0.000000,0.000000) 4 84 149 946 71 
946 (0.000000,0.000000) 4 793 5 295 629 
295 (0.000000,0.000000) 4 356 946 795 90 
795 (0.000000,0.000000) 4 185 295 827 194 
827 (0.000000,0.000000) 4 824 795 51 518 
51 (0.000000,0.000000) 4 120 827 899 544 
899 (0.000000,0.000000) 4 192 51 555 486 
555 (0.000000,0.000000) 3 360 899 204 
132 (0.000000,0.000000) 3 278 903 876 
903 (0.000000,0.000000) 4 961 132 322 354 
322 (0.000000,0.000000) 4 895 903 70 403 
70 (0.000000,0.000000) 4 698 322 205 814 
205 (0.000000,0.000000) 4 887 70 668 211 
668 (0.000000,0.000000) 4 561 205 791 778 
791 (0.000000,0.000000) 4 834 668 11 32 
11 (0.000000,0.000000) 4 843 791 878 114 
878 (0.000000,0.000000) 4 283 11 227 152 
227 (0.000000,0.000000) 4 401 878 223 815 
223 (0.000000,0.000000) 4 696 227 562 975 
562 (0.000000,0.000000) 4 149 223 71 434 
71 (0.000000,0.000000) 4 5 562 629 935 
629 (0.000000,0.000000) 4 946 71 90 175 
90 (0.000000,0.000000) 4 295 629 194 699 
194 (0.000000,0.000000) 4 795 90 518 165 
518 (0.000000,0.000000) 4 827 194 544 73 
544 (0.000000,0.000000) 4 51 518 486 14 
486 (0.000000,0.000000) 4 899 544 204 246 
204 (0.000000,0.000000) 3 555 486 734 
876 (0.000000,0.000000) 3 132 354 50 
354 (0.000000,0.000000) 4 903 876 403 957 
403 (0.000000,0.000000) 4 322 354 814 254 
814 (0.000000,0.000000) 4 70 403 211 122 
211 (0.000000,0.000000) 4 205 814 778 530 
778 (0.000000,0.000000) 4 668 211 32 829 
32 (0.000000,0.000000) 4 791 778 114 272 
114 (0.000000,0.000000) 4 11 32 152 411 
152 (0.000000,0.000000) 4 878 114 815 129 
815 (0.000000,0.000000) 4 227 152 975 105 
975 (0.000000,0.000000) 4 223 815 434 864 
434 (0.000000,0.000000) 4 562 975 935 263 
935 (0.000000,0.000000) 4 71 434 175 198 
175 (0.000000,0.000000) 4 629 935 699 649 
699 (0.000000,0.000000) 4 90 175 165 769 
165 (0.000000,0.000000) 4 194 699 73 881 
73 (0.000000,0.000000) 4 518 165 14 913 
14 (0.000000,0.000000) 4 544 73 246 951 
246 (0.000000,0.000000) 4 486 14 734 608 
734 (0.000000,0.000000) 3 204 246 589 
50 (0.000000,0.000000) 3 876 957 952 
957 (0.000000,0.000000) 4 354 50 254 958 
254 (0.000000,0.000000) 4 403 957 122 633 
122 (0.000000,0.000000) 4 814 254 530 729 
530 (0.000000,0.000000) 4 211 122 829 690 
829 (0.000000,0.000000) 4 778 530 272 176 
272 (0.000000,0.000000) 4 32 829 411 543 
411 (0.000000,0.000000) 4 114 272 129 860 
129 (0.000000,0.000000) 4 152 411 105 230 
105 (0.000000,0.000000) 4 815 129 864 966 
864 (0.000000,0.000000) 4 975 105 263 430 
263 (0.000000,0.000000) 4 434 864 198 112 
198 (0.000000,0.000000) 4 935 263 649 258 
649 (0.000000,0.000000) 4 175 198 769 167 
769 (0.000000,0.000000) 4 699 649 881 938 
881 (0.000000,0.000000) 4 165 769 913 780 
913 (0.000000,0.000000) 4 73 881 951 601 
951 (0.000000,0.000000) 4 14 913 608 584 
608 (0.000000,0.000000) 4 246 951 589 502 
589 (0.000000,0.000000) 3 734 608 319 
952 (0.000000,0.000000) 2 50 958 
958 (0.000000,0.000000) 3 957 952 633 
633 (0.000000,0.000000) 3 254 958 729 
729 (0.000000,0.000000) 3 122 633 690 
690 (0.000000,0.000000) 3 530 729 176 
176 (0.000000,0.000000) 3 829 690 543 
543 (0.000000,0.000000) 3 272 176 860 
860 (0.000000,0.000000) 3 411 543 230 
230 (0.000000,0.000000) 3 129 860 966 
966 (0.000000,0.000000) 3 105 230 430 
430 (0.000000,0.000000) 3 864 966 112 
112 (0.000000,0.000000) 3 263 430 258 
258 (0.000000,0.000000) 3 198 112 167 
167 (0.000000,0.000000) 3 649 258 938 
938 (0.000000,0.000000) 3 769 167 780 
780 (0.000000,0.000000) 3 881 938 601 
601 (0.000000,0.000000) 3 913 780 584 
584 (0.000000,0.000000) 3 951 601 502 
502 (0.000000,0.000000) 3 608 584 319 
319 (0.000000,0.000000) 2 589 502 
