54 (0.000000,0.000000) 2 415 33 
415 (0.000000,0.000000) 3 54 328 330 
328 (0.000000,0.000000) 3 415 303 183 
303 (0.000000,0.000000) 3 328 132 265 
132 (0.000000,0.000000) 3 303 286 116 
286 (0.000000,0.000000) 3 132 231 462 
231 (0.000000,0.000000) 3 286 12 274 
12 (0.000000,0.000000) 3 231 68 276 
68 (0.000000,0.000000) 3 12 351 39 
351 (0.000000,0.000000) 3 68 308 424 
308 (0.000000,0.000000) 3 351 340 41 
340 (0.000000,0.000000) 3 308 430 444 
430 (0.000000,0.000000) 3 340 217 338 
217 (0.000000,0.000000) 3 430 480 369 
480 (0.000000,0.000000) 3 217 204 247 
204 (0.000000,0.000000) 3 480 200 470 
200 (0.000000,0.000000) 3 204 91 6 
91 (0.000000,0.000000) 3 200 441 329 
441 (0.000000,0.000000) 3 91 427 481 
427 (0.000000,0.000000) 2 441 425 
33 (0.000000,0.000000) 3 54 330 179 
330 (0.000000,0.000000) 4 415 33 183 140 
183 (0.000000,0.000000) 4 328 330 265 264 
265 (0.000000,0.000000) 4 303 183 116 460 
116 (0.000000,0.000000) 4 132 265 462 208 
462 (0.000000,0.000000) 4 286 116 274 243 
274 (0.000000,0.000000) 4 231 462 276 164 
276 (0.000000,0.000000) 4 12 274 39 260 
39 (0.000000,0.000000) 4 68 276 424 333 
424 (0.000000,0.000000) 4 351 39 41 456 
41 (0.000000,0.000000) 4 308 424 444 186 
444 (0.000000,0.000000) 4 340 41 338 137 
338 (0.000000,0.000000) 4 430 444 369 221 
369 (0.000000,0.000000) 4 217 338 247 252 
247 (0.000000,0.000000) 4 480 369 470 182 
470 (0.000000,0.000000) 4 204 247 6 107 
6 (0.000000,0.000000) 4 200 470 329 380 
329 (0.000000,0.000000) 4 91 6 481 220 
481 (0.000000,0.000000) 4 441 329 425 382 
425 (0.000000,0.000000) 3 427 481 420 
179 (0.000000,0.000000) 3 33 140 262 
140 (0.000000,0.000000) 4 330 179 264 145 
264 (0.000000,0.000000) 4 183 140 460 442 
460 (0.000000,0.000000) 4 265 264 208 373 
208 (0.000000,0.000000) 4 116 460 243 70 
243 (0.000000,0.000000) 4 462 208 164 473 
164 (0.000000,0.000000) 4 274 243 260 365 
260 (0.000000,0.000000) 4 276 164 333 185 
333 (0.000000,0.000000) 4 39 260 456 432 
456 (0.000000,0.000000) 4 424 333 186 428 
186 (0.000000,0.000000) 4 41 456 137 95 
137 (0.000000,0.000000) 4 444 186 221 112 
221 (0.000000,0.000000) 4 338 137 252 402 
252 (0.000000,0.000000) 4 369 221 182 181 
182 (0.000000,0.000000) 4 247 252 107 13 
107 (0.000000,0.000000) 4 470 182 380 290 
380 (0.000000,0.000000) 4 6 107 220 122 
220 (0.000000,0.000000) 4 329 380 382 471 
382 (0.000000,0.000000) 4 481 220 420 169 
420 (0.000000,0.000000) 3 425 382 194 
262 (0.000000,0.000000) 3 179 145 353 
145 (0.000000,0.000000) 4 140 262 442 209 
442 (0.000000,0.000000) 4 264 145 373 72 
373 (0.000000,0.000000) 4 460 442 70 80 
70 (0.000000,0.000000) 4 208 373 473 322 
473 (0.000000,0.000000) 4 243 70 365 464 
365 (0.000000,0.000000) 4 164 473 185 225 
185 (0.000000,0.000000) 4 260 365 432 263 
432 (0.000000,0.000000) 4 333 185 428 188 
428 (0.000000,0.000000) 4 456 432 95 146 
95 (0.000000,0.000000) 4 186 428 112 87 
112 (0.000000,0.000000) 4 137 95 402 52 
402 (0.000000,0.000000) 4 221 112 181 19 
181 (0.000000,0.000000) 4 252 402 13 476 
13 (0.000000,0.000000) 4 182 181 290 109 
290 (0.000000,0.000000) 4 107 13 122 465 
122 (0.000000,0.000000) 4 380 290 471 158 
471 (0.000000,0.000000) 4 220 122 169 73 
169 (0.000000,0.000000) 4 382 471 194 367 
194 (0.000000,0.000000) 3 420 169 378 
353 (0.000000,0.000000) 3 262 209 253 
209 (0.000000,0.000000) 4 145 353 72 405 
72 (0.000000,0.000000) 4 442 209 80 318 
80 (0.000000,0.000000) 4 373 72 322 46 
322 (0.000000,0.000000) 4 70 80 464 292 
464 (0.000000,0.000000) 4 473 322 225 236 
225 (0.000000,0.000000) 4 365 464 263 215 
263 (0.000000,0.000000) 4 185 225 188 337 
188 (0.000000,0.000000) 4 432 263 146 440 
146 (0.000000,0.000000) 4 428 188 87 155 
87 (0.000000,0.000000) 4 95 146 52 45 
52 (0.000000,0.000000) 4 112 87 19 363 
19 (0.000000,0.000000) 4 402 52 476 86 
476 (0.000000,0.000000) 4 181 19 109 218 
109 (0.000000,0.000000) 4 13 476 465 326 
465 (0.000000,0.000000) 4 290 109 158 162 
158 (0.000000,0.000000) 4 122 465 73 332 
73 (0.000000,0.000000) 4 471 158 367 307 
367 (0.000000,0.000000) 4 169 73 378 419 
378 (0.000000,0.000000) 3 194 367 417 
253 (0.000000,0.000000) 3 353 405 489 
405 (0.000000,0.000000) 4 209 253 318 437 
318 (0.000000,0.000000) 4 72 405 46 392 
46 (0.000000,0.000000) 4 80 318 292 449 
292 (0.000000,0.000000) 4 322 46 236 401 
236 (0.000000,0.000000) 4 464 292 215 21 
215 (0.000000,0.000000) 4 225 236 337 119 
337 (0.000000,0.000000) 4 263 215 440 131 
440 (0.000000,0.000000) 4 188 337 155 273 
155 (0.000000,0.000000) 4 146 440 45 23 
45 (0.000000,0.000000) 4 87 155 363 448 
363 (0.000000,0.000000) 4 52 45 86 390 
86 (0.000000,0.000000) 4 19 363 218 69 
218 (0.000000,0.000000) 4 476 86 326 477 
326 (0.000000,0.000000) 4 109 218 162 135 
162 (0.000000,0.000000) 4 465 326 332 268 
332 (0.000000,0.000000) 4 158 162 307 141 
307 (0.000000,0.000000) 4 73 332 419 323 
419 (0.000000,0.000000) 4 367 307 417 130 
417 (0.000000,0.000000) 3 378 419 226 
489 (0.000000,0.000000) 3 253 437 455 
437 (0.000000,0.000000) 4 405 489 392 388 
392 (0.000000,0.000000) 4 318 437 449 224 
449 (0.000000,0.000000) 4 46 392 401 319 
401 (0.000000,0.000000) 4 292 449 21 142 
21 (0.000000,0.000000) 4 236 401 119 235 
119 (0.000000,0.000000) 4 215 21 131 386 
131 (0.000000,0.000000) 4 337 119 273 478 
273 (0.000000,0.000000) 4 440 131 23 335 
23 (0.000000,0.000000) 4 155 273 448 379 
448 (0.000000,0.000000) 4 45 23 390 207 
390 (0.000000,0.000000) 4 363 448 69 301 
69 (0.000000,0.000000) 4 86 390 477 9 
477 (0.000000,0.000000) 4 218 69 135 175 
135 (0.000000,0.000000) 4 326 477 268 251 
268 (0.000000,0.000000) 4 162 135 141 49 
141 (0.000000,0.000000) 4 332 268 323 81 
323 (0.000000,0.000000) 4 307 141 130 29 
130 (0.000000,0.000000) 4 419 323 226 316 
226 (0.000000,0.000000) 3 417 130 352 
455 (0.000000,0.000000) 3 489 388 445 
388 (0.000000,0.000000) 4 437 455 224 299 
224 (0.000000,0.000000) 4 392 388 319 38 
319 (0.000000,0.000000) 4 449 224 142 421 
142 (0.000000,0.000000) 4 401 319 235 435 
235 (0.000000,0.000000) 4 21 142 386 311 
386 (0.000000,0.000000) 4 119 235 478 156 
478 (0.000000,0.000000) 4 131 386 335 321 
335 (0.000000,0.000000) 4 273 478 379 240 
379 (0.000000,0.000000) 4 23 335 207 485 
207 (0.000000,0.000000) 4 448 379 301 7 
301 (0.000000,0.000000) 4 390 207 9 213 
9 (0.000000,0.000000) 4 69 301 175 426 
175 (0.000000,0.000000) 4 477 9 251 75 
251 (0.000000,0.000000) 4 135 175 49 44 
49 (0.000000,0.000000) 4 268 251 81 100 
81 (0.000000,0.000000) 4 141 49 29 383 
29 (0.000000,0.000000) 4 323 81 316 47 
316 (0.000000,0.000000) 4 130 29 352 127 
352 (0.000000,0.000000) 3 226 316 331 
445 (0.000000,0.000000) 3 455 299 216 
299 (0.000000,0.000000) 4 388 445 38 202 
38 (0.000000,0.000000) 4 224 299 421 377 
421 (0.000000,0.000000) 4 319 38 435 239 
435 (0.000000,0.000000) 4 142 421 311 128 
311 (0.000000,0.000000) 4 235 435 156 298 
156 (0.000000,0.000000) 4 386 311 321 25 
321 (0.000000,0.000000) 4 478 156 240 291 
240 (0.000000,0.000000) 4 335 321 485 305 
485 (0.000000,0.000000) 4 379 240 7 197 
7 (0.000000,0.000000) 4 207 485 213 289 
213 (0.000000,0.000000) 4 301 7 426 203 
426 (0.000000,0.000000) 4 9 213 75 356 
75 (0.000000,0.000000) 4 175 426 44 416 
44 (0.000000,0.000000) 4 251 75 100 459 
100 (0.000000,0.000000) 4 49 44 383 32 
383 (0.000000,0.000000) 4 81 100 47 78 
47 (0.000000,0.000000) 4 29 383 127 148 
127 (0.000000,0.000000) 4 316 47 331 238 
331 (0.000000,0.000000) 3 352 127 56 
216 (0.000000,0.000000) 3 445 202 161 
202 (0.000000,0.000000) 4 299 216 377 376 
377 (0.000000,0.000000) 4 38 202 239 160 
239 (0.000000,0.000000) 4 421 377 128 250 
128 (0.000000,0.000000) 4 435 239 298 166 
298 (0.000000,0.000000) 4 311 128 25 275 
25 (0.000000,0.000000) 4 156 298 291 229 
291 (0.000000,0.000000) 4 321 25 305 189 
305 (0.000000,0.000000) 4 240 291 197 174 
197 (0.000000,0.000000) 4 485 305 289 344 
289 (0.000000,0.000000) 4 7 197 203 89 
203 (0.000000,0.000000) 4 213 289 356 423 
356 (0.000000,0.000000) 4 426 203 416 154 
416 (0.000000,0.000000) 4 75 356 459 454 
459 (0.000000,0.000000) 4 44 416 32 317 
32 (0.000000,0.000000) 4 100 459 78 211 
78 (0.000000,0.000000) 4 383 32 148 125 
148 (0.000000,0.000000) 4 47 78 238 249 
238 (0.000000,0.000000) 4 127 148 56 177 
56 (0.000000,0.000000) 3 331 238 409 
161 (0.000000,0.000000) 3 216 376 452 
376 (0.000000,0.000000) 4 202 161 160 407 
160 (0.000000,0.000000) 4 377 376 250 214 
250 (0.000000,0.000000) 4 239 160 166 104 
166 (0.000000,0.000000) 4 128 250 275 255 
275 (0.000000,0.000000) 4 298 166 229 325 
229 (0.000000,0.000000) 4 25 275 189 245 
189 (0.000000,0.000000) 4 291 229 174 48 
174 (0.000000,0.000000) 4 305 189 344 368 
344 (0.000000,0.000000) 4 197 174 89 20 
89 (0.000000,0.000000) 4 289 344 423 201 
423 (0.000000,0.000000) 4 203 89 154 266 
154 (0.000000,0.000000) 4 356 423 454 370 
454 (0.000000,0.000000) 4 416 154 317 334 
317 (0.000000,0.000000) 4 459 454 211 350 
211 (0.000000,0.000000) 4 32 317 125 310 
125 (0.000000,0.000000) 4 78 211 249 283 
249 (0.000000,0.000000) 4 148 125 177 98 
177 (0.000000,0.000000) 4 238 249 409 358 
409 (0.000000,0.000000) 3 56 177 115 
452 (0.000000,0.000000) 3 161 407 16 
407 (0.000000,0.000000) 4 376 452 214 490 
214 (0.000000,0.000000) 4 160 407 104 446 
104 (0.000000,0.000000) 4 250 214 255 270 
255 (0.000000,0.000000) 4 166 104 325 184 
325 (0.000000,0.000000) 4 275 255 245 51 
245 (0.000000,0.000000) 4 229 325 48 222 
48 (0.000000,0.000000) 4 189 245 368 259 
368 (0.000000,0.000000) 4 174 48 20 59 
20 (0.000000,0.000000) 4 344 368 201 123 
201 (0.000000,0.000000) 4 89 20 266 193 
266 (0.000000,0.000000) 4 423 201 370 3 
370 (0.000000,0.000000) 4 154 266 334 117 
334 (0.000000,0.000000) 4 454 370 350 297 
350 (0.000000,0.000000) 4 317 334 310 362 
310 (0.000000,0.000000) 4 211 350 283 447 
283 (0.000000,0.000000) 4 125 310 98 256 
98 (0.000000,0.000000) 4 249 283 358 35 
358 (0.000000,0.000000) 4 177 98 115 438 
115 (0.000000,0.000000) 3 409 358 269 
16 (0.000000,0.000000) 3 452 490 118 
490 (0.000000,0.000000) 4 407 16 446 106 
446 (0.000000,0.000000) 4 214 490 270 483 
270 (0.000000,0.000000) 4 104 446 184 60 
184 (0.000000,0.000000) 4 255 270 51 187 
51 (0.000000,0.000000) 4 325 184 222 126 
222 (0.000000,0.000000) 4 245 51 259 230 
259 (0.000000,0.000000) 4 48 222 59 320 
59 (0.000000,0.000000) 4 368 259 123 82 
123 (0.000000,0.000000) 4 20 59 193 191 
193 (0.000000,0.000000) 4 201 123 3 99 
3 (0.000000,0.000000) 4 266 193 117 354 
117 (0.000000,0.000000) 4 370 3 297 28 
297 (0.000000,0.000000) 4 334 117 362 285 
362 (0.000000,0.000000) 4 350 297 447 62 
447 (0.000000,0.000000) 4 310 362 256 284 
256 (0.000000,0.000000) 4 283 447 35 96 
35 (0.000000,0.000000) 4 98 256 438 342 
438 (0.000000,0.000000) 4 358 35 269 102 
269 (0.000000,0.000000) 3 115 438 484 
118 (0.000000,0.000000) 3 16 106 277 
106 (0.000000,0.000000) 4 490 118 483 111 
483 (0.000000,0.000000) 4 446 106 60 375 
60 (0.000000,0.000000) 4 270 483 187 37 
187 (0.000000,0.000000) 4 184 60 126 138 
126 (0.000000,0.000000) 4 51 187 230 180 
230 (0.000000,0.000000) 4 222 126 320 233 
320 (0.000000,0.000000) 4 259 230 82 488 
82 (0.000000,0.000000) 4 59 320 191 10 
191 (0.000000,0.000000) 4 123 82 99 248 
99 (0.000000,0.000000) 4 193 191 354 461 
354 (0.000000,0.000000) 4 3 99 28 339 
28 (0.000000,0.000000) 4 117 354 285 314 
285 (0.000000,0.000000) 4 297 28 62 296 
62 (0.000000,0.000000) 4 362 285 284 258 
284 (0.000000,0.000000) 4 447 62 96 90 
96 (0.000000,0.000000) 4 256 284 342 397 
342 (0.000000,0.000000) 4 35 96 102 313 
102 (0.000000,0.000000) 4 438 342 484 463 
484 (0.000000,0.000000) 3 269 102 170 
277 (0.000000,0.000000) 3 118 111 152 
111 (0.000000,0.000000) 4 106 277 375 400 
375 (0.000000,0.000000) 4 483 111 37 88 
37 (0.000000,0.000000) 4 60 375 138 384 
138 (0.000000,0.000000) 4 187 37 180 347 
180 (0.000000,0.000000) 4 126 138 233 469 
233 (0.000000,0.000000) 4 230 180 488 173 
488 (0.000000,0.000000) 4 320 233 10 246 
10 (0.000000,0.000000) 4 82 488 248 93 
248 (0.000000,0.000000) 4 191 10 461 5 
461 (0.000000,0.000000) 4 99 248 339 414 
339 (0.000000,0.000000) 4 354 461 314 195 
314 (0.000000,0.000000) 4 28 339 296 232 
296 (0.000000,0.000000) 4 285 314 258 242 
258 (0.000000,0.000000) 4 62 296 90 272 
90 (0.000000,0.000000) 4 284 258 397 282 
397 (0.000000,0.000000) 4 96 90 313 64 
313 (0.000000,0.000000) 4 342 397 463 366 
463 (0.000000,0.000000) 4 102 313 170 398 
170 (0.000000,0.000000) 3 484 463 497 
152 (0.000000,0.000000) 3 277 400 343 
400 (0.000000,0.000000) 4 111 152 88 172 
88 (0.000000,0.000000) 4 375 400 384 85 
384 (0.000000,0.000000) 4 37 88 347 422 
347 (0.000000,0.000000) 4 138 384 469 97 
469 (0.000000,0.000000) 4 180 347 173 18 
173 (0.000000,0.000000) 4 233 469 246 434 
246 (0.000000,0.000000) 4 488 173 93 227 
93 (0.000000,0.000000) 4 10 246 5 92 
5 (0.000000,0.000000) 4 248 93 414 411 
414 (0.000000,0.000000) 4 461 5 195 120 
195 (0.000000,0.000000) 4 339 414 232 288 
232 (0.000000,0.000000) 4 314 195 242 237 
242 (0.000000,0.000000) 4 296 232 272 336 
272 (0.000000,0.000000) 4 258 242 282 103 
282 (0.000000,0.000000) 4 90 272 64 457 
64 (0.000000,0.000000) 4 397 282 366 472 
366 (0.000000,0.000000) 4 313 64 398 257 
398 (0.000000,0.000000) 4 463 366 497 429 
497 (0.000000,0.000000) 3 170 398 349 
343 (0.000000,0.000000) 3 152 172 241 
172 (0.000000,0.000000) 4 400 343 85 71 
85 (0.000000,0.000000) 4 88 172 422 487 
422 (0.000000,0.000000) 4 384 85 97 50 
97 (0.000000,0.000000) 4 347 422 18 294 
18 (0.000000,0.000000) 4 469 97 434 24 
434 (0.000000,0.000000) 4 173 18 227 22 
227 (0.000000,0.000000) 4 246 434 92 150 
92 (0.000000,0.000000) 4 93 227 411 94 
411 (0.000000,0.000000) 4 5 92 120 83 
120 (0.000000,0.000000) 4 414 411 288 371 
288 (0.000000,0.000000) 4 195 120 237 324 
237 (0.000000,0.000000) 4 232 288 336 493 
336 (0.000000,0.000000) 4 242 237 103 210 
103 (0.000000,0.000000) 4 272 336 457 355 
457 (0.000000,0.000000) 4 282 103 472 450 
472 (0.000000,0.000000) 4 64 457 257 492 
257 (0.000000,0.000000) 4 366 472 429 65 
429 (0.000000,0.000000) 4 398 257 349 302 
349 (0.000000,0.000000) 3 497 429 143 
241 (0.000000,0.000000) 3 343 71 63 
71 (0.000000,0.000000) 4 172 241 487 58 
487 (0.000000,0.000000) 4 85 71 50 474 
50 (0.000000,0.000000) 4 422 487 294 410 
294 (0.000000,0.000000) 4 97 50 24 372 
24 (0.000000,0.000000) 4 18 294 22 309 
22 (0.000000,0.000000) 4 434 24 150 281 
150 (0.000000,0.000000) 4 227 22 94 312 
94 (0.000000,0.000000) 4 92 150 83 101 
83 (0.000000,0.000000) 4 411 94 371 391 
371 (0.000000,0.000000) 4 120 83 324 139 
324 (0.000000,0.000000) 4 288 371 493 219 
493 (0.000000,0.000000) 4 237 324 210 486 
210 (0.000000,0.000000) 4 336 493 355 42 
355 (0.000000,0.000000) 4 103 210 450 451 
450 (0.000000,0.000000) 4 457 355 492 74 
492 (0.000000,0.000000) 4 472 450 65 491 
65 (0.000000,0.000000) 4 257 492 302 306 
302 (0.000000,0.000000) 4 429 65 143 436 
143 (0.000000,0.000000) 3 349 302 134 
63 (0.000000,0.000000) 3 241 58 467 
58 (0.000000,0.000000) 4 71 63 474 205 
474 (0.000000,0.000000) 4 487 58 410 171 
410 (0.000000,0.000000) 4 50 474 372 76 
372 (0.000000,0.000000) 4 294 410 309 15 
309 (0.000000,0.000000) 4 24 372 281 17 
281 (0.000000,0.000000) 4 22 309 312 136 
312 (0.000000,0.000000) 4 150 281 101 418 
101 (0.000000,0.000000) 4 94 312 391 374 
391 (0.000000,0.000000) 4 83 101 139 453 
139 (0.000000,0.000000) 4 371 391 219 1 
219 (0.000000,0.000000) 4 324 139 486 67 
486 (0.000000,0.000000) 4 493 219 42 279 
42 (0.000000,0.000000) 4 210 486 451 500 
451 (0.000000,0.000000) 4 355 42 74 304 
74 (0.000000,0.000000) 4 450 451 491 475 
491 (0.000000,0.000000) 4 492 74 306 159 
306 (0.000000,0.000000) 4 65 491 436 151 
436 (0.000000,0.000000) 4 302 306 134 361 
134 (0.000000,0.000000) 3 143 436 110 
467 (0.000000,0.000000) 3 63 205 364 
205 (0.000000,0.000000) 4 58 467 171 494 
171 (0.000000,0.000000) 4 474 205 76 327 
76 (0.000000,0.000000) 4 410 171 15 77 
15 (0.000000,0.000000) 4 372 76 17 27 
17 (0.000000,0.000000) 4 309 15 136 113 
136 (0.000000,0.000000) 4 281 17 418 176 
418 (0.000000,0.000000) 4 312 136 374 157 
374 (0.000000,0.000000) 4 101 418 453 79 
453 (0.000000,0.000000) 4 391 374 1 124 
1 (0.000000,0.000000) 4 139 453 67 261 
67 (0.000000,0.000000) 4 219 1 279 443 
279 (0.000000,0.000000) 4 486 67 500 385 
500 (0.000000,0.000000) 4 42 279 304 479 
304 (0.000000,0.000000) 4 451 500 475 206 
475 (0.000000,0.000000) 4 74 304 159 14 
159 (0.000000,0.000000) 4 491 475 151 359 
151 (0.000000,0.000000) 4 306 159 361 496 
361 (0.000000,0.000000) 4 436 151 110 244 
110 (0.000000,0.000000) 3 134 361 287 
364 (0.000000,0.000000) 3 467 494 466 
494 (0.000000,0.000000) 4 205 364 327 105 
327 (0.000000,0.000000) 4 171 494 77 163 
77 (0.000000,0.000000) 4 76 327 27 254 
27 (0.000000,0.000000) 4 15 77 113 121 
113 (0.000000,0.000000) 4 17 27 176 439 
176 (0.000000,0.000000) 4 136 113 157 66 
157 (0.000000,0.000000) 4 418 176 79 412 
79 (0.000000,0.000000) 4 374 157 124 396 
124 (0.000000,0.000000) 4 453 79 261 165 
261 (0.000000,0.000000) 4 1 124 443 228 
443 (0.000000,0.000000) 4 67 261 385 4 
385 (0.000000,0.000000) 4 279 443 479 495 
479 (0.000000,0.000000) 4 500 385 206 394 
206 (0.000000,0.000000) 4 304 479 14 40 
14 (0.000000,0.000000) 4 475 206 359 26 
359 (0.000000,0.000000) 4 159 14 496 498 
496 (0.000000,0.000000) 4 151 359 244 36 
244 (0.000000,0.000000) 4 361 496 287 433 
287 (0.000000,0.000000) 3 110 244 293 
466 (0.000000,0.000000) 3 364 105 357 
105 (0.000000,0.000000) 4 494 466 163 499 
163 (0.000000,0.000000) 4 327 105 254 31 
254 (0.000000,0.000000) 4 77 163 121 34 
121 (0.000000,0.000000) 4 27 254 439 114 
439 (0.000000,0.000000) 4 113 121 66 381 
66 (0.000000,0.000000) 4 176 439 412 389 
412 (0.000000,0.000000) 4 157 66 396 341 
396 (0.000000,0.000000) 4 79 412 165 468 
165 (0.000000,0.000000) 4 124 396 228 8 
228 (0.000000,0.000000) 4 261 165 4 404 
4 (0.000000,0.000000) 4 443 228 495 482 
495 (0.000000,0.000000) 4 385 4 394 168 
394 (0.000000,0.000000) 4 479 495 40 2 
40 (0.000000,0.000000) 4 206 394 26 300 
26 (0.000000,0.000000) 4 14 40 498 199 
498 (0.000000,0.000000) 4 359 26 36 57 
36 (0.000000,0.000000) 4 496 498 433 153 
433 (0.000000,0.000000) 4 244 36 293 178 
293 (0.000000,0.000000) 3 287 433 413 
357 (0.000000,0.000000) 3 466 499 348 
499 (0.000000,0.000000) 4 105 357 31 345 
31 (0.000000,0.000000) 4 163 499 34 271 
34 (0.000000,0.000000) 4 254 31 114 393 
114 (0.000000,0.000000) 4 121 34 381 190 
381 (0.000000,0.000000) 4 439 114 389 147 
389 (0.000000,0.000000) 4 66 381 341 212 
341 (0.000000,0.000000) 4 412 389 468 61 
468 (0.000000,0.000000) 4 396 341 8 431 
8 (0.000000,0.000000) 4 165 468 404 43 
404 (0.000000,0.000000) 4 228 8 482 133 
482 (0.000000,0.000000) 4 4 404 168 11 
168 (0.000000,0.000000) 4 495 482 2 408 
2 (0.000000,0.000000) 4 394 168 300 315 
300 (0.000000,0.000000) 4 40 2 199 144 
199 (0.000000,0.000000) 4 26 300 57 53 
57 (0.000000,0.000000) 4 498 199 153 346 
153 (0.000000,0.000000) 4 36 57 178 55 
178 (0.000000,0.000000) 4 433 153 413 395 
413 (0.000000,0.000000) 3 293 178 167 
348 (0.000000,0.000000) 3 357 345 406 
345 (0.000000,0.000000) 4 499 348 271 267 
271 (0.000000,0.000000) 4 31 345 393 192 
393 (0.000000,0.000000) 4 34 271 190 223 
190 (0.000000,0.000000) 4 114 393 147 108 
147 (0.000000,0.000000) 4 381 190 212 196 
212 (0.000000,0.000000) 4 389 147 61 458 
61 (0.000000,0.000000) 4 341 212 431 280 
431 (0.000000,0.000000) 4 468 61 43 30 
43 (0.000000,0.000000) 4 8 431 133 387 
133 (0.000000,0.000000) 4 404 43 11 234 
11 (0.000000,0.000000) 4 482 133 408 399 
408 (0.000000,0.000000) 4 168 11 315 84 
315 (0.000000,0.000000) 4 2 408 144 360 
144 (0.000000,0.000000) 4 300 315 53 278 
53 (0.000000,0.000000) 4 199 144 346 198 
346 (0.000000,0.000000) 4 57 53 55 149 
55 (0.000000,0.000000) 4 153 346 395 295 
395 (0.000000,0.000000) 4 178 55 167 403 
167 (0.000000,0.000000) 3 413 395 129 
406 (0.000000,0.000000) 2 348 267 
267 (0.000000,0.000000) 3 345 406 192 
192 (0.000000,0.000000) 3 271 267 223 
223 (0.000000,0.000000) 3 393 192 108 
108 (0.000000,0.000000) 3 190 223 196 
196 (0.000000,0.000000) 3 147 108 458 
458 (0.000000,0.000000) 3 212 196 280 
280 (0.000000,0.000000) 3 61 458 30 
30 (0.000000,0.000000) 3 431 280 387 
387 (0.000000,0.000000) 3 43 30 234 
234 (0.000000,0.000000) 3 133 387 399 
399 (0.000000,0.000000) 3 11 234 84 
84 (0.000000,0.000000) 3 408 399 360 
360 (0.000000,0.000000) 3 315 84 278 
278 (0.000000,0.000000) 3 144 360 198 
198 (0.000000,0.000000) 3 53 278 149 
149 (0.000000,0.000000) 3 346 198 295 
295 (0.000000,0.000000) 3 55 149 403 
403 (0.000000,0.000000) 3 395 295 129 
129 (0.000000,0.000000) 2 167 403 
