
844 (0.000000,0.000000) 1 917 
917 (0.000000,0.000000) 32 844 628 303 504 914 469 138 114 57 922 788 564 97 332 766 76 155 63 779 851 172 555 69 538 186 246 682 249 736 977 768 658 
628 (0.000000,0.000000) 1 917 
303 (0.000000,0.000000) 1 917 
504 (0.000000,0.000000) 1 917 
914 (0.000000,0.000000) 1 917 
469 (0.000000,0.000000) 1 917 
138 (0.000000,0.000000) 1 917 
114 (0.000000,0.000000) 1 917 
57 (0.000000,0.000000) 1 917 
922 (0.000000,0.000000) 1 917 
788 (0.000000,0.000000) 1 917 
564 (0.000000,0.000000) 1 917 
97 (0.000000,0.000000) 1 917 
332 (0.000000,0.000000) 1 917 
766 (0.000000,0.000000) 1 917 
76 (0.000000,0.000000) 1 917 
155 (0.000000,0.000000) 1 917 
63 (0.000000,0.000000) 1 917 
779 (0.000000,0.000000) 1 917 
851 (0.000000,0.000000) 1 917 
172 (0.000000,0.000000) 1 917 
555 (0.000000,0.000000) 1 917 
69 (0.000000,0.000000) 1 917 
538 (0.000000,0.000000) 1 917 
186 (0.000000,0.000000) 1 917 
246 (0.000000,0.000000) 1 917 
682 (0.000000,0.000000) 1 917 
249 (0.000000,0.000000) 1 917 
736 (0.000000,0.000000) 1 917 
977 (0.000000,0.000000) 1 917 
768 (0.000000,0.000000) 1 917 
658 (0.000000,0.000000) 32 917 611 77 168 206 221 305 989 277 902 782 516 674 119 288 426 273 26 210 799 867 441 543 410 626 789 874 750 648 864 42 400 
611 (0.000000,0.000000) 1 658 
77 (0.000000,0.000000) 1 658 
168 (0.000000,0.000000) 1 658 
206 (0.000000,0.000000) 1 658 
221 (0.000000,0.000000) 1 658 
305 (0.000000,0.000000) 1 658 
989 (0.000000,0.000000) 1 658 
277 (0.000000,0.000000) 1 658 
902 (0.000000,0.000000) 1 658 
782 (0.000000,0.000000) 1 658 
516 (0.000000,0.000000) 1 658 
674 (0.000000,0.000000) 1 658 
119 (0.000000,0.000000) 1 658 
288 (0.000000,0.000000) 1 658 
426 (0.000000,0.000000) 1 658 
273 (0.000000,0.000000) 1 658 
26 (0.000000,0.000000) 1 658 
210 (0.000000,0.000000) 1 658 
799 (0.000000,0.000000) 1 658 
867 (0.000000,0.000000) 1 658 
441 (0.000000,0.000000) 1 658 
543 (0.000000,0.000000) 1 658 
410 (0.000000,0.000000) 1 658 
626 (0.000000,0.000000) 1 658 
789 (0.000000,0.000000) 1 658 
874 (0.000000,0.000000) 1 658 
750 (0.000000,0.000000) 1 658 
648 (0.000000,0.000000) 1 658 
864 (0.000000,0.000000) 1 658 
42 (0.000000,0.000000) 1 658 
400 (0.000000,0.000000) 32 658 707 247 296 687 242 271 699 764 620 818 51 752 261 625 377 40 8 259 807 558 465 239 881 334 280 956 716 527 257 84 444 
707 (0.000000,0.000000) 1 400 
247 (0.000000,0.000000) 1 400 
296 (0.000000,0.000000) 1 400 
687 (0.000000,0.000000) 1 400 
242 (0.000000,0.000000) 1 400 
271 (0.000000,0.000000) 1 400 
699 (0.000000,0.000000) 1 400 
764 (0.000000,0.000000) 1 400 
620 (0.000000,0.000000) 1 400 
818 (0.000000,0.000000) 1 400 
51 (0.000000,0.000000) 1 400 
752 (0.000000,0.000000) 1 400 
261 (0.000000,0.000000) 1 400 
625 (0.000000,0.000000) 1 400 
377 (0.000000,0.000000) 1 400 
40 (0.000000,0.000000) 1 400 
8 (0.000000,0.000000) 1 400 
259 (0.000000,0.000000) 1 400 
807 (0.000000,0.000000) 1 400 
558 (0.000000,0.000000) 1 400 
465 (0.000000,0.000000) 1 400 
239 (0.000000,0.000000) 1 400 
881 (0.000000,0.000000) 1 400 
334 (0.000000,0.000000) 1 400 
280 (0.000000,0.000000) 1 400 
956 (0.000000,0.000000) 1 400 
716 (0.000000,0.000000) 1 400 
527 (0.000000,0.000000) 1 400 
257 (0.000000,0.000000) 1 400 
84 (0.000000,0.000000) 1 400 
444 (0.000000,0.000000) 32 400 181 354 148 945 974 641 677 30 89 435 960 335 65 342 129 774 388 587 528 825 145 537 780 776 258 982 708 341 431 889 371 
181 (0.000000,0.000000) 1 444 
354 (0.000000,0.000000) 1 444 
148 (0.000000,0.000000) 1 444 
945 (0.000000,0.000000) 1 444 
974 (0.000000,0.000000) 1 444 
641 (0.000000,0.000000) 1 444 
677 (0.000000,0.000000) 1 444 
30 (0.000000,0.000000) 1 444 
89 (0.000000,0.000000) 1 444 
435 (0.000000,0.000000) 1 444 
960 (0.000000,0.000000) 1 444 
335 (0.000000,0.000000) 1 444 
65 (0.000000,0.000000) 1 444 
342 (0.000000,0.000000) 1 444 
129 (0.000000,0.000000) 1 444 
774 (0.000000,0.000000) 1 444 
388 (0.000000,0.000000) 1 444 
587 (0.000000,0.000000) 1 444 
528 (0.000000,0.000000) 1 444 
825 (0.000000,0.000000) 1 444 
145 (0.000000,0.000000) 1 444 
537 (0.000000,0.000000) 1 444 
780 (0.000000,0.000000) 1 444 
776 (0.000000,0.000000) 1 444 
258 (0.000000,0.000000) 1 444 
982 (0.000000,0.000000) 1 444 
708 (0.000000,0.000000) 1 444 
341 (0.000000,0.000000) 1 444 
431 (0.000000,0.000000) 1 444 
889 (0.000000,0.000000) 1 444 
371 (0.000000,0.000000) 32 444 255 839 350 571 197 55 659 631 691 993 695 38 798 475 733 861 737 991 70 243 811 606 28 268 863 16 976 879 122 870 52 
255 (0.000000,0.000000) 1 371 
839 (0.000000,0.000000) 1 371 
350 (0.000000,0.000000) 1 371 
571 (0.000000,0.000000) 1 371 
197 (0.000000,0.000000) 1 371 
55 (0.000000,0.000000) 1 371 
659 (0.000000,0.000000) 1 371 
631 (0.000000,0.000000) 1 371 
691 (0.000000,0.000000) 1 371 
993 (0.000000,0.000000) 1 371 
695 (0.000000,0.000000) 1 371 
38 (0.000000,0.000000) 1 371 
798 (0.000000,0.000000) 1 371 
475 (0.000000,0.000000) 1 371 
733 (0.000000,0.000000) 1 371 
861 (0.000000,0.000000) 1 371 
737 (0.000000,0.000000) 1 371 
991 (0.000000,0.000000) 1 371 
70 (0.000000,0.000000) 1 371 
243 (0.000000,0.000000) 1 371 
811 (0.000000,0.000000) 1 371 
606 (0.000000,0.000000) 1 371 
28 (0.000000,0.000000) 1 371 
268 (0.000000,0.000000) 1 371 
863 (0.000000,0.000000) 1 371 
16 (0.000000,0.000000) 1 371 
976 (0.000000,0.000000) 1 371 
879 (0.000000,0.000000) 1 371 
122 (0.000000,0.000000) 1 371 
870 (0.000000,0.000000) 1 371 
52 (0.000000,0.000000) 32 371 390 623 586 957 223 31 593 738 743 153 971 161 819 46 79 636 651 107 579 195 792 560 749 589 111 10 500 959 939 762 969 
390 (0.000000,0.000000) 1 52 
623 (0.000000,0.000000) 1 52 
586 (0.000000,0.000000) 1 52 
957 (0.000000,0.000000) 1 52 
223 (0.000000,0.000000) 1 52 
31 (0.000000,0.000000) 1 52 
593 (0.000000,0.000000) 1 52 
738 (0.000000,0.000000) 1 52 
743 (0.000000,0.000000) 1 52 
153 (0.000000,0.000000) 1 52 
971 (0.000000,0.000000) 1 52 
161 (0.000000,0.000000) 1 52 
819 (0.000000,0.000000) 1 52 
46 (0.000000,0.000000) 1 52 
79 (0.000000,0.000000) 1 52 
636 (0.000000,0.000000) 1 52 
651 (0.000000,0.000000) 1 52 
107 (0.000000,0.000000) 1 52 
579 (0.000000,0.000000) 1 52 
195 (0.000000,0.000000) 1 52 
792 (0.000000,0.000000) 1 52 
560 (0.000000,0.000000) 1 52 
749 (0.000000,0.000000) 1 52 
589 (0.000000,0.000000) 1 52 
111 (0.000000,0.000000) 1 52 
10 (0.000000,0.000000) 1 52 
500 (0.000000,0.000000) 1 52 
959 (0.000000,0.000000) 1 52 
939 (0.000000,0.000000) 1 52 
762 (0.000000,0.000000) 1 52 
969 (0.000000,0.000000) 32 52 901 660 675 419 972 624 837 71 345 592 382 671 374 961 865 171 526 313 751 488 269 602 594 848 688 793 530 934 422 48 11 
901 (0.000000,0.000000) 1 969 
660 (0.000000,0.000000) 1 969 
675 (0.000000,0.000000) 1 969 
419 (0.000000,0.000000) 1 969 
972 (0.000000,0.000000) 1 969 
624 (0.000000,0.000000) 1 969 
837 (0.000000,0.000000) 1 969 
71 (0.000000,0.000000) 1 969 
345 (0.000000,0.000000) 1 969 
592 (0.000000,0.000000) 1 969 
382 (0.000000,0.000000) 1 969 
671 (0.000000,0.000000) 1 969 
374 (0.000000,0.000000) 1 969 
961 (0.000000,0.000000) 1 969 
865 (0.000000,0.000000) 1 969 
171 (0.000000,0.000000) 1 969 
526 (0.000000,0.000000) 1 969 
313 (0.000000,0.000000) 1 969 
751 (0.000000,0.000000) 1 969 
488 (0.000000,0.000000) 1 969 
269 (0.000000,0.000000) 1 969 
602 (0.000000,0.000000) 1 969 
594 (0.000000,0.000000) 1 969 
848 (0.000000,0.000000) 1 969 
688 (0.000000,0.000000) 1 969 
793 (0.000000,0.000000) 1 969 
530 (0.000000,0.000000) 1 969 
934 (0.000000,0.000000) 1 969 
422 (0.000000,0.000000) 1 969 
48 (0.000000,0.000000) 1 969 
11 (0.000000,0.000000) 32 969 767 639 392 358 984 534 285 548 265 725 41 209 128 33 215 722 177 68 415 645 355 73 365 515 311 432 633 5 466 298 701 
767 (0.000000,0.000000) 1 11 
639 (0.000000,0.000000) 1 11 
392 (0.000000,0.000000) 1 11 
358 (0.000000,0.000000) 1 11 
984 (0.000000,0.000000) 1 11 
534 (0.000000,0.000000) 1 11 
285 (0.000000,0.000000) 1 11 
548 (0.000000,0.000000) 1 11 
265 (0.000000,0.000000) 1 11 
725 (0.000000,0.000000) 1 11 
41 (0.000000,0.000000) 1 11 
209 (0.000000,0.000000) 1 11 
128 (0.000000,0.000000) 1 11 
33 (0.000000,0.000000) 1 11 
215 (0.000000,0.000000) 1 11 
722 (0.000000,0.000000) 1 11 
177 (0.000000,0.000000) 1 11 
68 (0.000000,0.000000) 1 11 
415 (0.000000,0.000000) 1 11 
645 (0.000000,0.000000) 1 11 
355 (0.000000,0.000000) 1 11 
73 (0.000000,0.000000) 1 11 
365 (0.000000,0.000000) 1 11 
515 (0.000000,0.000000) 1 11 
311 (0.000000,0.000000) 1 11 
432 (0.000000,0.000000) 1 11 
633 (0.000000,0.000000) 1 11 
5 (0.000000,0.000000) 1 11 
466 (0.000000,0.000000) 1 11 
298 (0.000000,0.000000) 1 11 
701 (0.000000,0.000000) 32 11 512 254 522 913 294 407 344 480 898 352 549 496 706 297 746 487 478 853 795 158 324 769 696 32 883 283 230 477 253 841 845 
512 (0.000000,0.000000) 1 701 
254 (0.000000,0.000000) 1 701 
522 (0.000000,0.000000) 1 701 
913 (0.000000,0.000000) 1 701 
294 (0.000000,0.000000) 1 701 
407 (0.000000,0.000000) 1 701 
344 (0.000000,0.000000) 1 701 
480 (0.000000,0.000000) 1 701 
898 (0.000000,0.000000) 1 701 
352 (0.000000,0.000000) 1 701 
549 (0.000000,0.000000) 1 701 
496 (0.000000,0.000000) 1 701 
706 (0.000000,0.000000) 1 701 
297 (0.000000,0.000000) 1 701 
746 (0.000000,0.000000) 1 701 
487 (0.000000,0.000000) 1 701 
478 (0.000000,0.000000) 1 701 
853 (0.000000,0.000000) 1 701 
795 (0.000000,0.000000) 1 701 
158 (0.000000,0.000000) 1 701 
324 (0.000000,0.000000) 1 701 
769 (0.000000,0.000000) 1 701 
696 (0.000000,0.000000) 1 701 
32 (0.000000,0.000000) 1 701 
883 (0.000000,0.000000) 1 701 
283 (0.000000,0.000000) 1 701 
230 (0.000000,0.000000) 1 701 
477 (0.000000,0.000000) 1 701 
253 (0.000000,0.000000) 1 701 
841 (0.000000,0.000000) 1 701 
845 (0.000000,0.000000) 32 701 547 2 127 225 139 351 396 520 647 563 941 809 609 383 251 91 463 990 292 715 307 787 237 157 614 142 428 858 490 102 569 
547 (0.000000,0.000000) 1 845 
2 (0.000000,0.000000) 1 845 
127 (0.000000,0.000000) 1 845 
225 (0.000000,0.000000) 1 845 
139 (0.000000,0.000000) 1 845 
351 (0.000000,0.000000) 1 845 
396 (0.000000,0.000000) 1 845 
520 (0.000000,0.000000) 1 845 
647 (0.000000,0.000000) 1 845 
563 (0.000000,0.000000) 1 845 
941 (0.000000,0.000000) 1 845 
809 (0.000000,0.000000) 1 845 
609 (0.000000,0.000000) 1 845 
383 (0.000000,0.000000) 1 845 
251 (0.000000,0.000000) 1 845 
91 (0.000000,0.000000) 1 845 
463 (0.000000,0.000000) 1 845 
990 (0.000000,0.000000) 1 845 
292 (0.000000,0.000000) 1 845 
715 (0.000000,0.000000) 1 845 
307 (0.000000,0.000000) 1 845 
787 (0.000000,0.000000) 1 845 
237 (0.000000,0.000000) 1 845 
157 (0.000000,0.000000) 1 845 
614 (0.000000,0.000000) 1 845 
142 (0.000000,0.000000) 1 845 
428 (0.000000,0.000000) 1 845 
858 (0.000000,0.000000) 1 845 
490 (0.000000,0.000000) 1 845 
102 (0.000000,0.000000) 1 845 
569 (0.000000,0.000000) 32 845 304 817 50 912 372 524 622 703 437 732 404 561 44 196 712 166 698 180 713 222 360 814 663 191 14 903 99 747 58 826 830 
304 (0.000000,0.000000) 1 569 
817 (0.000000,0.000000) 1 569 
50 (0.000000,0.000000) 1 569 
912 (0.000000,0.000000) 1 569 
372 (0.000000,0.000000) 1 569 
524 (0.000000,0.000000) 1 569 
622 (0.000000,0.000000) 1 569 
703 (0.000000,0.000000) 1 569 
437 (0.000000,0.000000) 1 569 
732 (0.000000,0.000000) 1 569 
404 (0.000000,0.000000) 1 569 
561 (0.000000,0.000000) 1 569 
44 (0.000000,0.000000) 1 569 
196 (0.000000,0.000000) 1 569 
712 (0.000000,0.000000) 1 569 
166 (0.000000,0.000000) 1 569 
698 (0.000000,0.000000) 1 569 
180 (0.000000,0.000000) 1 569 
713 (0.000000,0.000000) 1 569 
222 (0.000000,0.000000) 1 569 
360 (0.000000,0.000000) 1 569 
814 (0.000000,0.000000) 1 569 
663 (0.000000,0.000000) 1 569 
191 (0.000000,0.000000) 1 569 
14 (0.000000,0.000000) 1 569 
903 (0.000000,0.000000) 1 569 
99 (0.000000,0.000000) 1 569 
747 (0.000000,0.000000) 1 569 
58 (0.000000,0.000000) 1 569 
826 (0.000000,0.000000) 1 569 
830 (0.000000,0.000000) 32 569 771 309 322 584 875 756 194 412 124 532 723 315 464 704 802 692 151 425 871 680 566 199 267 361 556 147 739 583 790 554 218 
771 (0.000000,0.000000) 1 830 
309 (0.000000,0.000000) 1 830 
322 (0.000000,0.000000) 1 830 
584 (0.000000,0.000000) 1 830 
875 (0.000000,0.000000) 1 830 
756 (0.000000,0.000000) 1 830 
194 (0.000000,0.000000) 1 830 
412 (0.000000,0.000000) 1 830 
124 (0.000000,0.000000) 1 830 
532 (0.000000,0.000000) 1 830 
723 (0.000000,0.000000) 1 830 
315 (0.000000,0.000000) 1 830 
464 (0.000000,0.000000) 1 830 
704 (0.000000,0.000000) 1 830 
802 (0.000000,0.000000) 1 830 
692 (0.000000,0.000000) 1 830 
151 (0.000000,0.000000) 1 830 
425 (0.000000,0.000000) 1 830 
871 (0.000000,0.000000) 1 830 
680 (0.000000,0.000000) 1 830 
566 (0.000000,0.000000) 1 830 
199 (0.000000,0.000000) 1 830 
267 (0.000000,0.000000) 1 830 
361 (0.000000,0.000000) 1 830 
556 (0.000000,0.000000) 1 830 
147 (0.000000,0.000000) 1 830 
739 (0.000000,0.000000) 1 830 
583 (0.000000,0.000000) 1 830 
790 (0.000000,0.000000) 1 830 
554 (0.000000,0.000000) 1 830 
218 (0.000000,0.000000) 32 830 260 966 597 694 405 429 502 90 187 655 456 921 540 338 82 117 340 318 20 136 395 518 834 887 705 413 810 835 791 777 646 
260 (0.000000,0.000000) 1 218 
966 (0.000000,0.000000) 1 218 
597 (0.000000,0.000000) 1 218 
694 (0.000000,0.000000) 1 218 
405 (0.000000,0.000000) 1 218 
429 (0.000000,0.000000) 1 218 
502 (0.000000,0.000000) 1 218 
90 (0.000000,0.000000) 1 218 
187 (0.000000,0.000000) 1 218 
655 (0.000000,0.000000) 1 218 
456 (0.000000,0.000000) 1 218 
921 (0.000000,0.000000) 1 218 
540 (0.000000,0.000000) 1 218 
338 (0.000000,0.000000) 1 218 
82 (0.000000,0.000000) 1 218 
117 (0.000000,0.000000) 1 218 
340 (0.000000,0.000000) 1 218 
318 (0.000000,0.000000) 1 218 
20 (0.000000,0.000000) 1 218 
136 (0.000000,0.000000) 1 218 
395 (0.000000,0.000000) 1 218 
518 (0.000000,0.000000) 1 218 
834 (0.000000,0.000000) 1 218 
887 (0.000000,0.000000) 1 218 
705 (0.000000,0.000000) 1 218 
413 (0.000000,0.000000) 1 218 
810 (0.000000,0.000000) 1 218 
835 (0.000000,0.000000) 1 218 
791 (0.000000,0.000000) 1 218 
777 (0.000000,0.000000) 1 218 
646 (0.000000,0.000000) 32 218 238 600 204 7 321 697 832 632 357 108 640 618 946 140 80 343 86 339 670 85 679 183 630 607 375 13 406 45 62 189 201 
238 (0.000000,0.000000) 1 646 
600 (0.000000,0.000000) 1 646 
204 (0.000000,0.000000) 1 646 
7 (0.000000,0.000000) 1 646 
321 (0.000000,0.000000) 1 646 
697 (0.000000,0.000000) 1 646 
832 (0.000000,0.000000) 1 646 
632 (0.000000,0.000000) 1 646 
357 (0.000000,0.000000) 1 646 
108 (0.000000,0.000000) 1 646 
640 (0.000000,0.000000) 1 646 
618 (0.000000,0.000000) 1 646 
946 (0.000000,0.000000) 1 646 
140 (0.000000,0.000000) 1 646 
80 (0.000000,0.000000) 1 646 
343 (0.000000,0.000000) 1 646 
86 (0.000000,0.000000) 1 646 
339 (0.000000,0.000000) 1 646 
670 (0.000000,0.000000) 1 646 
85 (0.000000,0.000000) 1 646 
679 (0.000000,0.000000) 1 646 
183 (0.000000,0.000000) 1 646 
630 (0.000000,0.000000) 1 646 
607 (0.000000,0.000000) 1 646 
375 (0.000000,0.000000) 1 646 
13 (0.000000,0.000000) 1 646 
406 (0.000000,0.000000) 1 646 
45 (0.000000,0.000000) 1 646 
62 (0.000000,0.000000) 1 646 
189 (0.000000,0.000000) 1 646 
201 (0.000000,0.000000) 32 646 806 152 474 275 808 510 240 424 582 110 281 924 120 612 23 539 211 916 481 978 745 379 100 126 744 418 489 895 173 278 440 
806 (0.000000,0.000000) 1 201 
152 (0.000000,0.000000) 1 201 
474 (0.000000,0.000000) 1 201 
275 (0.000000,0.000000) 1 201 
808 (0.000000,0.000000) 1 201 
510 (0.000000,0.000000) 1 201 
240 (0.000000,0.000000) 1 201 
424 (0.000000,0.000000) 1 201 
582 (0.000000,0.000000) 1 201 
110 (0.000000,0.000000) 1 201 
281 (0.000000,0.000000) 1 201 
924 (0.000000,0.000000) 1 201 
120 (0.000000,0.000000) 1 201 
612 (0.000000,0.000000) 1 201 
23 (0.000000,0.000000) 1 201 
539 (0.000000,0.000000) 1 201 
211 (0.000000,0.000000) 1 201 
916 (0.000000,0.000000) 1 201 
481 (0.000000,0.000000) 1 201 
978 (0.000000,0.000000) 1 201 
745 (0.000000,0.000000) 1 201 
379 (0.000000,0.000000) 1 201 
100 (0.000000,0.000000) 1 201 
126 (0.000000,0.000000) 1 201 
744 (0.000000,0.000000) 1 201 
418 (0.000000,0.000000) 1 201 
489 (0.000000,0.000000) 1 201 
895 (0.000000,0.000000) 1 201 
173 (0.000000,0.000000) 1 201 
278 (0.000000,0.000000) 1 201 
440 (0.000000,0.000000) 32 201 59 397 326 553 482 968 29 78 565 154 860 878 724 467 53 370 17 730 836 827 800 146 484 828 894 657 531 216 988 821 868 
59 (0.000000,0.000000) 1 440 
397 (0.000000,0.000000) 1 440 
326 (0.000000,0.000000) 1 440 
553 (0.000000,0.000000) 1 440 
482 (0.000000,0.000000) 1 440 
968 (0.000000,0.000000) 1 440 
29 (0.000000,0.000000) 1 440 
78 (0.000000,0.000000) 1 440 
565 (0.000000,0.000000) 1 440 
154 (0.000000,0.000000) 1 440 
860 (0.000000,0.000000) 1 440 
878 (0.000000,0.000000) 1 440 
724 (0.000000,0.000000) 1 440 
467 (0.000000,0.000000) 1 440 
53 (0.000000,0.000000) 1 440 
370 (0.000000,0.000000) 1 440 
17 (0.000000,0.000000) 1 440 
730 (0.000000,0.000000) 1 440 
836 (0.000000,0.000000) 1 440 
827 (0.000000,0.000000) 1 440 
800 (0.000000,0.000000) 1 440 
146 (0.000000,0.000000) 1 440 
484 (0.000000,0.000000) 1 440 
828 (0.000000,0.000000) 1 440 
894 (0.000000,0.000000) 1 440 
657 (0.000000,0.000000) 1 440 
531 (0.000000,0.000000) 1 440 
216 (0.000000,0.000000) 1 440 
988 (0.000000,0.000000) 1 440 
821 (0.000000,0.000000) 1 440 
868 (0.000000,0.000000) 32 440 920 918 873 533 650 376 909 356 398 96 846 627 391 385 931 595 596 27 681 822 783 34 164 337 986 955 900 316 943 973 775 
920 (0.000000,0.000000) 1 868 
918 (0.000000,0.000000) 1 868 
873 (0.000000,0.000000) 1 868 
533 (0.000000,0.000000) 1 868 
650 (0.000000,0.000000) 1 868 
376 (0.000000,0.000000) 1 868 
909 (0.000000,0.000000) 1 868 
356 (0.000000,0.000000) 1 868 
398 (0.000000,0.000000) 1 868 
96 (0.000000,0.000000) 1 868 
846 (0.000000,0.000000) 1 868 
627 (0.000000,0.000000) 1 868 
391 (0.000000,0.000000) 1 868 
385 (0.000000,0.000000) 1 868 
931 (0.000000,0.000000) 1 868 
595 (0.000000,0.000000) 1 868 
596 (0.000000,0.000000) 1 868 
27 (0.000000,0.000000) 1 868 
681 (0.000000,0.000000) 1 868 
822 (0.000000,0.000000) 1 868 
783 (0.000000,0.000000) 1 868 
34 (0.000000,0.000000) 1 868 
164 (0.000000,0.000000) 1 868 
337 (0.000000,0.000000) 1 868 
986 (0.000000,0.000000) 1 868 
955 (0.000000,0.000000) 1 868 
900 (0.000000,0.000000) 1 868 
316 (0.000000,0.000000) 1 868 
943 (0.000000,0.000000) 1 868 
973 (0.000000,0.000000) 1 868 
775 (0.000000,0.000000) 32 868 702 347 121 380 813 94 949 462 36 130 667 497 684 838 217 665 35 866 720 840 741 453 200 169 458 919 852 992 198 862 760 
702 (0.000000,0.000000) 1 775 
347 (0.000000,0.000000) 1 775 
121 (0.000000,0.000000) 1 775 
380 (0.000000,0.000000) 1 775 
813 (0.000000,0.000000) 1 775 
94 (0.000000,0.000000) 1 775 
949 (0.000000,0.000000) 1 775 
462 (0.000000,0.000000) 1 775 
36 (0.000000,0.000000) 1 775 
130 (0.000000,0.000000) 1 775 
667 (0.000000,0.000000) 1 775 
497 (0.000000,0.000000) 1 775 
684 (0.000000,0.000000) 1 775 
838 (0.000000,0.000000) 1 775 
217 (0.000000,0.000000) 1 775 
665 (0.000000,0.000000) 1 775 
35 (0.000000,0.000000) 1 775 
866 (0.000000,0.000000) 1 775 
720 (0.000000,0.000000) 1 775 
840 (0.000000,0.000000) 1 775 
741 (0.000000,0.000000) 1 775 
453 (0.000000,0.000000) 1 775 
200 (0.000000,0.000000) 1 775 
169 (0.000000,0.000000) 1 775 
458 (0.000000,0.000000) 1 775 
919 (0.000000,0.000000) 1 775 
852 (0.000000,0.000000) 1 775 
992 (0.000000,0.000000) 1 775 
198 (0.000000,0.000000) 1 775 
862 (0.000000,0.000000) 1 775 
760 (0.000000,0.000000) 32 775 850 264 570 876 643 535 75 842 869 167 12 368 501 983 369 975 891 262 1 105 942 574 642 685 719 3 503 109 653 649 755 
850 (0.000000,0.000000) 1 760 
264 (0.000000,0.000000) 1 760 
570 (0.000000,0.000000) 1 760 
876 (0.000000,0.000000) 1 760 
643 (0.000000,0.000000) 1 760 
535 (0.000000,0.000000) 1 760 
75 (0.000000,0.000000) 1 760 
842 (0.000000,0.000000) 1 760 
869 (0.000000,0.000000) 1 760 
167 (0.000000,0.000000) 1 760 
12 (0.000000,0.000000) 1 760 
368 (0.000000,0.000000) 1 760 
501 (0.000000,0.000000) 1 760 
983 (0.000000,0.000000) 1 760 
369 (0.000000,0.000000) 1 760 
975 (0.000000,0.000000) 1 760 
891 (0.000000,0.000000) 1 760 
262 (0.000000,0.000000) 1 760 
1 (0.000000,0.000000) 1 760 
105 (0.000000,0.000000) 1 760 
942 (0.000000,0.000000) 1 760 
574 (0.000000,0.000000) 1 760 
642 (0.000000,0.000000) 1 760 
685 (0.000000,0.000000) 1 760 
719 (0.000000,0.000000) 1 760 
3 (0.000000,0.000000) 1 760 
503 (0.000000,0.000000) 1 760 
109 (0.000000,0.000000) 1 760 
653 (0.000000,0.000000) 1 760 
649 (0.000000,0.000000) 1 760 
755 (0.000000,0.000000) 32 760 536 159 892 616 317 66 174 717 252 19 279 711 144 473 948 964 505 327 676 150 74 987 761 915 455 577 92 133 567 803 276 
536 (0.000000,0.000000) 1 755 
159 (0.000000,0.000000) 1 755 
892 (0.000000,0.000000) 1 755 
616 (0.000000,0.000000) 1 755 
317 (0.000000,0.000000) 1 755 
66 (0.000000,0.000000) 1 755 
174 (0.000000,0.000000) 1 755 
717 (0.000000,0.000000) 1 755 
252 (0.000000,0.000000) 1 755 
19 (0.000000,0.000000) 1 755 
279 (0.000000,0.000000) 1 755 
711 (0.000000,0.000000) 1 755 
144 (0.000000,0.000000) 1 755 
473 (0.000000,0.000000) 1 755 
948 (0.000000,0.000000) 1 755 
964 (0.000000,0.000000) 1 755 
505 (0.000000,0.000000) 1 755 
327 (0.000000,0.000000) 1 755 
676 (0.000000,0.000000) 1 755 
150 (0.000000,0.000000) 1 755 
74 (0.000000,0.000000) 1 755 
987 (0.000000,0.000000) 1 755 
761 (0.000000,0.000000) 1 755 
915 (0.000000,0.000000) 1 755 
455 (0.000000,0.000000) 1 755 
577 (0.000000,0.000000) 1 755 
92 (0.000000,0.000000) 1 755 
133 (0.000000,0.000000) 1 755 
567 (0.000000,0.000000) 1 755 
803 (0.000000,0.000000) 1 755 
276 (0.000000,0.000000) 32 755 781 113 521 545 185 213 21 366 202 494 686 132 452 896 958 141 156 823 118 373 905 175 979 37 468 449 856 212 927 483 735 
781 (0.000000,0.000000) 1 276 
113 (0.000000,0.000000) 1 276 
521 (0.000000,0.000000) 1 276 
545 (0.000000,0.000000) 1 276 
185 (0.000000,0.000000) 1 276 
213 (0.000000,0.000000) 1 276 
21 (0.000000,0.000000) 1 276 
366 (0.000000,0.000000) 1 276 
202 (0.000000,0.000000) 1 276 
494 (0.000000,0.000000) 1 276 
686 (0.000000,0.000000) 1 276 
132 (0.000000,0.000000) 1 276 
452 (0.000000,0.000000) 1 276 
896 (0.000000,0.000000) 1 276 
958 (0.000000,0.000000) 1 276 
141 (0.000000,0.000000) 1 276 
156 (0.000000,0.000000) 1 276 
823 (0.000000,0.000000) 1 276 
118 (0.000000,0.000000) 1 276 
373 (0.000000,0.000000) 1 276 
905 (0.000000,0.000000) 1 276 
175 (0.000000,0.000000) 1 276 
979 (0.000000,0.000000) 1 276 
37 (0.000000,0.000000) 1 276 
468 (0.000000,0.000000) 1 276 
449 (0.000000,0.000000) 1 276 
856 (0.000000,0.000000) 1 276 
212 (0.000000,0.000000) 1 276 
927 (0.000000,0.000000) 1 276 
483 (0.000000,0.000000) 1 276 
735 (0.000000,0.000000) 32 276 784 843 301 131 289 785 408 857 529 443 447 389 423 519 353 672 812 485 551 576 797 796 25 935 448 60 953 928 446 664 116 
784 (0.000000,0.000000) 1 735 
843 (0.000000,0.000000) 1 735 
301 (0.000000,0.000000) 1 735 
131 (0.000000,0.000000) 1 735 
289 (0.000000,0.000000) 1 735 
785 (0.000000,0.000000) 1 735 
408 (0.000000,0.000000) 1 735 
857 (0.000000,0.000000) 1 735 
529 (0.000000,0.000000) 1 735 
443 (0.000000,0.000000) 1 735 
447 (0.000000,0.000000) 1 735 
389 (0.000000,0.000000) 1 735 
423 (0.000000,0.000000) 1 735 
519 (0.000000,0.000000) 1 735 
353 (0.000000,0.000000) 1 735 
672 (0.000000,0.000000) 1 735 
812 (0.000000,0.000000) 1 735 
485 (0.000000,0.000000) 1 735 
551 (0.000000,0.000000) 1 735 
576 (0.000000,0.000000) 1 735 
797 (0.000000,0.000000) 1 735 
796 (0.000000,0.000000) 1 735 
25 (0.000000,0.000000) 1 735 
935 (0.000000,0.000000) 1 735 
448 (0.000000,0.000000) 1 735 
60 (0.000000,0.000000) 1 735 
953 (0.000000,0.000000) 1 735 
928 (0.000000,0.000000) 1 735 
446 (0.000000,0.000000) 1 735 
664 (0.000000,0.000000) 1 735 
116 (0.000000,0.000000) 32 735 581 472 910 43 801 590 420 506 815 427 542 274 847 911 272 904 923 302 416 349 486 226 250 598 188 112 394 22 184 409 930 
581 (0.000000,0.000000) 1 116 
472 (0.000000,0.000000) 1 116 
910 (0.000000,0.000000) 1 116 
43 (0.000000,0.000000) 1 116 
801 (0.000000,0.000000) 1 116 
590 (0.000000,0.000000) 1 116 
420 (0.000000,0.000000) 1 116 
506 (0.000000,0.000000) 1 116 
815 (0.000000,0.000000) 1 116 
427 (0.000000,0.000000) 1 116 
542 (0.000000,0.000000) 1 116 
274 (0.000000,0.000000) 1 116 
847 (0.000000,0.000000) 1 116 
911 (0.000000,0.000000) 1 116 
272 (0.000000,0.000000) 1 116 
904 (0.000000,0.000000) 1 116 
923 (0.000000,0.000000) 1 116 
302 (0.000000,0.000000) 1 116 
416 (0.000000,0.000000) 1 116 
349 (0.000000,0.000000) 1 116 
486 (0.000000,0.000000) 1 116 
226 (0.000000,0.000000) 1 116 
250 (0.000000,0.000000) 1 116 
598 (0.000000,0.000000) 1 116 
188 (0.000000,0.000000) 1 116 
112 (0.000000,0.000000) 1 116 
394 (0.000000,0.000000) 1 116 
22 (0.000000,0.000000) 1 116 
184 (0.000000,0.000000) 1 116 
409 (0.000000,0.000000) 1 116 
930 (0.000000,0.000000) 32 116 115 929 926 617 386 824 88 578 325 859 235 219 765 436 460 786 224 414 47 937 605 638 585 15 855 880 328 965 492 907 402 
115 (0.000000,0.000000) 1 930 
929 (0.000000,0.000000) 1 930 
926 (0.000000,0.000000) 1 930 
617 (0.000000,0.000000) 1 930 
386 (0.000000,0.000000) 1 930 
824 (0.000000,0.000000) 1 930 
88 (0.000000,0.000000) 1 930 
578 (0.000000,0.000000) 1 930 
325 (0.000000,0.000000) 1 930 
859 (0.000000,0.000000) 1 930 
235 (0.000000,0.000000) 1 930 
219 (0.000000,0.000000) 1 930 
765 (0.000000,0.000000) 1 930 
436 (0.000000,0.000000) 1 930 
460 (0.000000,0.000000) 1 930 
786 (0.000000,0.000000) 1 930 
224 (0.000000,0.000000) 1 930 
414 (0.000000,0.000000) 1 930 
47 (0.000000,0.000000) 1 930 
937 (0.000000,0.000000) 1 930 
605 (0.000000,0.000000) 1 930 
638 (0.000000,0.000000) 1 930 
585 (0.000000,0.000000) 1 930 
15 (0.000000,0.000000) 1 930 
855 (0.000000,0.000000) 1 930 
880 (0.000000,0.000000) 1 930 
328 (0.000000,0.000000) 1 930 
965 (0.000000,0.000000) 1 930 
492 (0.000000,0.000000) 1 930 
907 (0.000000,0.000000) 1 930 
402 (0.000000,0.000000) 32 930 637 393 479 233 635 461 248 729 550 967 954 438 748 541 603 753 932 241 546 18 387 952 544 588 381 227 673 778 6 740 508 
637 (0.000000,0.000000) 1 402 
393 (0.000000,0.000000) 1 402 
479 (0.000000,0.000000) 1 402 
233 (0.000000,0.000000) 1 402 
635 (0.000000,0.000000) 1 402 
461 (0.000000,0.000000) 1 402 
248 (0.000000,0.000000) 1 402 
729 (0.000000,0.000000) 1 402 
550 (0.000000,0.000000) 1 402 
967 (0.000000,0.000000) 1 402 
954 (0.000000,0.000000) 1 402 
438 (0.000000,0.000000) 1 402 
748 (0.000000,0.000000) 1 402 
541 (0.000000,0.000000) 1 402 
603 (0.000000,0.000000) 1 402 
753 (0.000000,0.000000) 1 402 
932 (0.000000,0.000000) 1 402 
241 (0.000000,0.000000) 1 402 
546 (0.000000,0.000000) 1 402 
18 (0.000000,0.000000) 1 402 
387 (0.000000,0.000000) 1 402 
952 (0.000000,0.000000) 1 402 
544 (0.000000,0.000000) 1 402 
588 (0.000000,0.000000) 1 402 
381 (0.000000,0.000000) 1 402 
227 (0.000000,0.000000) 1 402 
673 (0.000000,0.000000) 1 402 
778 (0.000000,0.000000) 1 402 
6 (0.000000,0.000000) 1 402 
740 (0.000000,0.000000) 1 402 
508 (0.000000,0.000000) 32 402 263 346 980 205 572 669 270 445 770 794 459 231 286 399 742 207 773 364 178 610 451 757 940 831 893 330 87 362 433 293 615 
263 (0.000000,0.000000) 1 508 
346 (0.000000,0.000000) 1 508 
980 (0.000000,0.000000) 1 508 
205 (0.000000,0.000000) 1 508 
572 (0.000000,0.000000) 1 508 
669 (0.000000,0.000000) 1 508 
270 (0.000000,0.000000) 1 508 
445 (0.000000,0.000000) 1 508 
770 (0.000000,0.000000) 1 508 
794 (0.000000,0.000000) 1 508 
459 (0.000000,0.000000) 1 508 
231 (0.000000,0.000000) 1 508 
286 (0.000000,0.000000) 1 508 
399 (0.000000,0.000000) 1 508 
742 (0.000000,0.000000) 1 508 
207 (0.000000,0.000000) 1 508 
773 (0.000000,0.000000) 1 508 
364 (0.000000,0.000000) 1 508 
178 (0.000000,0.000000) 1 508 
610 (0.000000,0.000000) 1 508 
451 (0.000000,0.000000) 1 508 
757 (0.000000,0.000000) 1 508 
940 (0.000000,0.000000) 1 508 
831 (0.000000,0.000000) 1 508 
893 (0.000000,0.000000) 1 508 
330 (0.000000,0.000000) 1 508 
87 (0.000000,0.000000) 1 508 
362 (0.000000,0.000000) 1 508 
433 (0.000000,0.000000) 1 508 
293 (0.000000,0.000000) 1 508 
615 (0.000000,0.000000) 32 508 295 162 947 439 758 763 726 621 367 885 849 608 49 384 234 517 229 430 61 134 604 290 9 470 320 401 936 498 4 244 179 
295 (0.000000,0.000000) 1 615 
162 (0.000000,0.000000) 1 615 
947 (0.000000,0.000000) 1 615 
439 (0.000000,0.000000) 1 615 
758 (0.000000,0.000000) 1 615 
763 (0.000000,0.000000) 1 615 
726 (0.000000,0.000000) 1 615 
621 (0.000000,0.000000) 1 615 
367 (0.000000,0.000000) 1 615 
885 (0.000000,0.000000) 1 615 
849 (0.000000,0.000000) 1 615 
608 (0.000000,0.000000) 1 615 
49 (0.000000,0.000000) 1 615 
384 (0.000000,0.000000) 1 615 
234 (0.000000,0.000000) 1 615 
517 (0.000000,0.000000) 1 615 
229 (0.000000,0.000000) 1 615 
430 (0.000000,0.000000) 1 615 
61 (0.000000,0.000000) 1 615 
134 (0.000000,0.000000) 1 615 
604 (0.000000,0.000000) 1 615 
290 (0.000000,0.000000) 1 615 
9 (0.000000,0.000000) 1 615 
470 (0.000000,0.000000) 1 615 
320 (0.000000,0.000000) 1 615 
401 (0.000000,0.000000) 1 615 
936 (0.000000,0.000000) 1 615 
498 (0.000000,0.000000) 1 615 
4 (0.000000,0.000000) 1 615 
244 (0.000000,0.000000) 1 615 
179 (0.000000,0.000000) 32 615 287 772 805 308 149 683 299 525 106 552 882 656 135 208 718 514 886 163 203 668 721 103 471 820 493 816 877 165 143 476 568 
287 (0.000000,0.000000) 1 179 
772 (0.000000,0.000000) 1 179 
805 (0.000000,0.000000) 1 179 
308 (0.000000,0.000000) 1 179 
149 (0.000000,0.000000) 1 179 
683 (0.000000,0.000000) 1 179 
299 (0.000000,0.000000) 1 179 
525 (0.000000,0.000000) 1 179 
106 (0.000000,0.000000) 1 179 
552 (0.000000,0.000000) 1 179 
882 (0.000000,0.000000) 1 179 
656 (0.000000,0.000000) 1 179 
135 (0.000000,0.000000) 1 179 
208 (0.000000,0.000000) 1 179 
718 (0.000000,0.000000) 1 179 
514 (0.000000,0.000000) 1 179 
886 (0.000000,0.000000) 1 179 
163 (0.000000,0.000000) 1 179 
203 (0.000000,0.000000) 1 179 
668 (0.000000,0.000000) 1 179 
721 (0.000000,0.000000) 1 179 
103 (0.000000,0.000000) 1 179 
471 (0.000000,0.000000) 1 179 
820 (0.000000,0.000000) 1 179 
493 (0.000000,0.000000) 1 179 
816 (0.000000,0.000000) 1 179 
877 (0.000000,0.000000) 1 179 
165 (0.000000,0.000000) 1 179 
143 (0.000000,0.000000) 1 179 
476 (0.000000,0.000000) 1 179 
568 (0.000000,0.000000) 32 179 310 81 331 709 499 56 629 994 731 282 575 897 359 284 734 104 306 190 83 214 101 176 599 908 160 666 95 245 654 442 378 
310 (0.000000,0.000000) 1 568 
81 (0.000000,0.000000) 1 568 
331 (0.000000,0.000000) 1 568 
709 (0.000000,0.000000) 1 568 
499 (0.000000,0.000000) 1 568 
56 (0.000000,0.000000) 1 568 
629 (0.000000,0.000000) 1 568 
994 (0.000000,0.000000) 1 568 
731 (0.000000,0.000000) 1 568 
282 (0.000000,0.000000) 1 568 
575 (0.000000,0.000000) 1 568 
897 (0.000000,0.000000) 1 568 
359 (0.000000,0.000000) 1 568 
284 (0.000000,0.000000) 1 568 
734 (0.000000,0.000000) 1 568 
104 (0.000000,0.000000) 1 568 
306 (0.000000,0.000000) 1 568 
190 (0.000000,0.000000) 1 568 
83 (0.000000,0.000000) 1 568 
214 (0.000000,0.000000) 1 568 
101 (0.000000,0.000000) 1 568 
176 (0.000000,0.000000) 1 568 
599 (0.000000,0.000000) 1 568 
908 (0.000000,0.000000) 1 568 
160 (0.000000,0.000000) 1 568 
666 (0.000000,0.000000) 1 568 
95 (0.000000,0.000000) 1 568 
245 (0.000000,0.000000) 1 568 
654 (0.000000,0.000000) 1 568 
442 (0.000000,0.000000) 1 568 
378 (0.000000,0.000000) 32 568 804 963 690 950 829 411 580 454 314 573 236 854 962 727 714 899 509 291 266 491 613 182 300 312 24 557 933 634 619 39 888 
804 (0.000000,0.000000) 1 378 
963 (0.000000,0.000000) 1 378 
690 (0.000000,0.000000) 1 378 
950 (0.000000,0.000000) 1 378 
829 (0.000000,0.000000) 1 378 
411 (0.000000,0.000000) 1 378 
580 (0.000000,0.000000) 1 378 
454 (0.000000,0.000000) 1 378 
314 (0.000000,0.000000) 1 378 
573 (0.000000,0.000000) 1 378 
236 (0.000000,0.000000) 1 378 
854 (0.000000,0.000000) 1 378 
962 (0.000000,0.000000) 1 378 
727 (0.000000,0.000000) 1 378 
714 (0.000000,0.000000) 1 378 
899 (0.000000,0.000000) 1 378 
509 (0.000000,0.000000) 1 378 
291 (0.000000,0.000000) 1 378 
266 (0.000000,0.000000) 1 378 
491 (0.000000,0.000000) 1 378 
613 (0.000000,0.000000) 1 378 
182 (0.000000,0.000000) 1 378 
300 (0.000000,0.000000) 1 378 
312 (0.000000,0.000000) 1 378 
24 (0.000000,0.000000) 1 378 
557 (0.000000,0.000000) 1 378 
933 (0.000000,0.000000) 1 378 
634 (0.000000,0.000000) 1 378 
619 (0.000000,0.000000) 1 378 
39 (0.000000,0.000000) 1 378 
888 (0.000000,0.000000) 32 378 137 507 363 678 417 170 938 925 652 125 513 348 193 662 228 329 523 562 421 93 644 403 710 64 591 693 54 323 890 256 220 
137 (0.000000,0.000000) 1 888 
507 (0.000000,0.000000) 1 888 
363 (0.000000,0.000000) 1 888 
678 (0.000000,0.000000) 1 888 
417 (0.000000,0.000000) 1 888 
170 (0.000000,0.000000) 1 888 
938 (0.000000,0.000000) 1 888 
925 (0.000000,0.000000) 1 888 
652 (0.000000,0.000000) 1 888 
125 (0.000000,0.000000) 1 888 
513 (0.000000,0.000000) 1 888 
348 (0.000000,0.000000) 1 888 
193 (0.000000,0.000000) 1 888 
662 (0.000000,0.000000) 1 888 
228 (0.000000,0.000000) 1 888 
329 (0.000000,0.000000) 1 888 
523 (0.000000,0.000000) 1 888 
562 (0.000000,0.000000) 1 888 
421 (0.000000,0.000000) 1 888 
93 (0.000000,0.000000) 1 888 
644 (0.000000,0.000000) 1 888 
403 (0.000000,0.000000) 1 888 
710 (0.000000,0.000000) 1 888 
64 (0.000000,0.000000) 1 888 
591 (0.000000,0.000000) 1 888 
693 (0.000000,0.000000) 1 888 
54 (0.000000,0.000000) 1 888 
323 (0.000000,0.000000) 1 888 
890 (0.000000,0.000000) 1 888 
256 (0.000000,0.000000) 1 888 
220 (0.000000,0.000000) 32 888 333 906 72 67 985 833 336 981 700 884 944 98 511 661 457 192 951 754 759 123 970 232 689 319 559 728 495 601 872 434 450 
333 (0.000000,0.000000) 1 220 
906 (0.000000,0.000000) 1 220 
72 (0.000000,0.000000) 1 220 
67 (0.000000,0.000000) 1 220 
985 (0.000000,0.000000) 1 220 
833 (0.000000,0.000000) 1 220 
336 (0.000000,0.000000) 1 220 
981 (0.000000,0.000000) 1 220 
700 (0.000000,0.000000) 1 220 
884 (0.000000,0.000000) 1 220 
944 (0.000000,0.000000) 1 220 
98 (0.000000,0.000000) 1 220 
511 (0.000000,0.000000) 1 220 
661 (0.000000,0.000000) 1 220 
457 (0.000000,0.000000) 1 220 
192 (0.000000,0.000000) 1 220 
951 (0.000000,0.000000) 1 220 
754 (0.000000,0.000000) 1 220 
759 (0.000000,0.000000) 1 220 
123 (0.000000,0.000000) 1 220 
970 (0.000000,0.000000) 1 220 
232 (0.000000,0.000000) 1 220 
689 (0.000000,0.000000) 1 220 
319 (0.000000,0.000000) 1 220 
559 (0.000000,0.000000) 1 220 
728 (0.000000,0.000000) 1 220 
495 (0.000000,0.000000) 1 220 
601 (0.000000,0.000000) 1 220 
872 (0.000000,0.000000) 1 220 
434 (0.000000,0.000000) 1 220 
450 (0.000000,0.000000) 1 220 