
476 (0.000000,0.000000) 1 289 
289 (0.000000,0.000000) 24 476 340 203 390 478 261 62 80 491 438 34 428 453 394 60 273 101 411 105 356 9 291 188 56 
340 (0.000000,0.000000) 1 289 
203 (0.000000,0.000000) 1 289 
390 (0.000000,0.000000) 1 289 
478 (0.000000,0.000000) 1 289 
261 (0.000000,0.000000) 1 289 
62 (0.000000,0.000000) 1 289 
80 (0.000000,0.000000) 1 289 
491 (0.000000,0.000000) 1 289 
438 (0.000000,0.000000) 1 289 
34 (0.000000,0.000000) 1 289 
428 (0.000000,0.000000) 1 289 
453 (0.000000,0.000000) 1 289 
394 (0.000000,0.000000) 1 289 
60 (0.000000,0.000000) 1 289 
273 (0.000000,0.000000) 1 289 
101 (0.000000,0.000000) 1 289 
411 (0.000000,0.000000) 1 289 
105 (0.000000,0.000000) 1 289 
356 (0.000000,0.000000) 1 289 
9 (0.000000,0.000000) 1 289 
291 (0.000000,0.000000) 1 289 
188 (0.000000,0.000000) 1 289 
56 (0.000000,0.000000) 24 289 512 464 401 12 173 170 300 513 373 136 284 481 197 211 417 482 244 138 228 83 198 355 146 
512 (0.000000,0.000000) 1 56 
464 (0.000000,0.000000) 1 56 
401 (0.000000,0.000000) 1 56 
12 (0.000000,0.000000) 1 56 
173 (0.000000,0.000000) 1 56 
170 (0.000000,0.000000) 1 56 
300 (0.000000,0.000000) 1 56 
513 (0.000000,0.000000) 1 56 
373 (0.000000,0.000000) 1 56 
136 (0.000000,0.000000) 1 56 
284 (0.000000,0.000000) 1 56 
481 (0.000000,0.000000) 1 56 
197 (0.000000,0.000000) 1 56 
211 (0.000000,0.000000) 1 56 
417 (0.000000,0.000000) 1 56 
482 (0.000000,0.000000) 1 56 
244 (0.000000,0.000000) 1 56 
138 (0.000000,0.000000) 1 56 
228 (0.000000,0.000000) 1 56 
83 (0.000000,0.000000) 1 56 
198 (0.000000,0.000000) 1 56 
355 (0.000000,0.000000) 1 56 
146 (0.000000,0.000000) 24 56 546 307 349 403 445 536 458 294 304 262 466 474 8 272 140 545 1 468 35 212 179 365 303 
546 (0.000000,0.000000) 1 146 
307 (0.000000,0.000000) 1 146 
349 (0.000000,0.000000) 1 146 
403 (0.000000,0.000000) 1 146 
445 (0.000000,0.000000) 1 146 
536 (0.000000,0.000000) 1 146 
458 (0.000000,0.000000) 1 146 
294 (0.000000,0.000000) 1 146 
304 (0.000000,0.000000) 1 146 
262 (0.000000,0.000000) 1 146 
466 (0.000000,0.000000) 1 146 
474 (0.000000,0.000000) 1 146 
8 (0.000000,0.000000) 1 146 
272 (0.000000,0.000000) 1 146 
140 (0.000000,0.000000) 1 146 
545 (0.000000,0.000000) 1 146 
1 (0.000000,0.000000) 1 146 
468 (0.000000,0.000000) 1 146 
35 (0.000000,0.000000) 1 146 
212 (0.000000,0.000000) 1 146 
179 (0.000000,0.000000) 1 146 
365 (0.000000,0.000000) 1 146 
303 (0.000000,0.000000) 24 146 316 440 386 21 506 13 189 301 263 79 282 166 329 318 37 335 85 44 52 72 436 53 539 
316 (0.000000,0.000000) 1 303 
440 (0.000000,0.000000) 1 303 
386 (0.000000,0.000000) 1 303 
21 (0.000000,0.000000) 1 303 
506 (0.000000,0.000000) 1 303 
13 (0.000000,0.000000) 1 303 
189 (0.000000,0.000000) 1 303 
301 (0.000000,0.000000) 1 303 
263 (0.000000,0.000000) 1 303 
79 (0.000000,0.000000) 1 303 
282 (0.000000,0.000000) 1 303 
166 (0.000000,0.000000) 1 303 
329 (0.000000,0.000000) 1 303 
318 (0.000000,0.000000) 1 303 
37 (0.000000,0.000000) 1 303 
335 (0.000000,0.000000) 1 303 
85 (0.000000,0.000000) 1 303 
44 (0.000000,0.000000) 1 303 
52 (0.000000,0.000000) 1 303 
72 (0.000000,0.000000) 1 303 
436 (0.000000,0.000000) 1 303 
53 (0.000000,0.000000) 1 303 
539 (0.000000,0.000000) 24 303 112 11 128 414 327 14 93 133 529 448 163 385 156 241 514 16 535 454 315 419 345 214 338 
112 (0.000000,0.000000) 1 539 
11 (0.000000,0.000000) 1 539 
128 (0.000000,0.000000) 1 539 
414 (0.000000,0.000000) 1 539 
327 (0.000000,0.000000) 1 539 
14 (0.000000,0.000000) 1 539 
93 (0.000000,0.000000) 1 539 
133 (0.000000,0.000000) 1 539 
529 (0.000000,0.000000) 1 539 
448 (0.000000,0.000000) 1 539 
163 (0.000000,0.000000) 1 539 
385 (0.000000,0.000000) 1 539 
156 (0.000000,0.000000) 1 539 
241 (0.000000,0.000000) 1 539 
514 (0.000000,0.000000) 1 539 
16 (0.000000,0.000000) 1 539 
535 (0.000000,0.000000) 1 539 
454 (0.000000,0.000000) 1 539 
315 (0.000000,0.000000) 1 539 
419 (0.000000,0.000000) 1 539 
345 (0.000000,0.000000) 1 539 
214 (0.000000,0.000000) 1 539 
338 (0.000000,0.000000) 24 539 226 114 543 225 181 519 487 507 532 427 413 17 155 310 98 361 515 107 351 10 4 277 124 
226 (0.000000,0.000000) 1 338 
114 (0.000000,0.000000) 1 338 
543 (0.000000,0.000000) 1 338 
225 (0.000000,0.000000) 1 338 
181 (0.000000,0.000000) 1 338 
519 (0.000000,0.000000) 1 338 
487 (0.000000,0.000000) 1 338 
507 (0.000000,0.000000) 1 338 
532 (0.000000,0.000000) 1 338 
427 (0.000000,0.000000) 1 338 
413 (0.000000,0.000000) 1 338 
17 (0.000000,0.000000) 1 338 
155 (0.000000,0.000000) 1 338 
310 (0.000000,0.000000) 1 338 
98 (0.000000,0.000000) 1 338 
361 (0.000000,0.000000) 1 338 
515 (0.000000,0.000000) 1 338 
107 (0.000000,0.000000) 1 338 
351 (0.000000,0.000000) 1 338 
10 (0.000000,0.000000) 1 338 
4 (0.000000,0.000000) 1 338 
277 (0.000000,0.000000) 1 338 
124 (0.000000,0.000000) 24 338 174 113 196 354 77 530 154 456 86 97 103 469 106 51 5 247 41 201 120 239 20 171 249 
174 (0.000000,0.000000) 1 124 
113 (0.000000,0.000000) 1 124 
196 (0.000000,0.000000) 1 124 
354 (0.000000,0.000000) 1 124 
77 (0.000000,0.000000) 1 124 
530 (0.000000,0.000000) 1 124 
154 (0.000000,0.000000) 1 124 
456 (0.000000,0.000000) 1 124 
86 (0.000000,0.000000) 1 124 
97 (0.000000,0.000000) 1 124 
103 (0.000000,0.000000) 1 124 
469 (0.000000,0.000000) 1 124 
106 (0.000000,0.000000) 1 124 
51 (0.000000,0.000000) 1 124 
5 (0.000000,0.000000) 1 124 
247 (0.000000,0.000000) 1 124 
41 (0.000000,0.000000) 1 124 
201 (0.000000,0.000000) 1 124 
120 (0.000000,0.000000) 1 124 
239 (0.000000,0.000000) 1 124 
20 (0.000000,0.000000) 1 124 
171 (0.000000,0.000000) 1 124 
249 (0.000000,0.000000) 24 124 425 295 220 255 245 332 398 81 489 243 31 538 78 485 525 371 58 238 279 109 19 152 274 
425 (0.000000,0.000000) 1 249 
295 (0.000000,0.000000) 1 249 
220 (0.000000,0.000000) 1 249 
255 (0.000000,0.000000) 1 249 
245 (0.000000,0.000000) 1 249 
332 (0.000000,0.000000) 1 249 
398 (0.000000,0.000000) 1 249 
81 (0.000000,0.000000) 1 249 
489 (0.000000,0.000000) 1 249 
243 (0.000000,0.000000) 1 249 
31 (0.000000,0.000000) 1 249 
538 (0.000000,0.000000) 1 249 
78 (0.000000,0.000000) 1 249 
485 (0.000000,0.000000) 1 249 
525 (0.000000,0.000000) 1 249 
371 (0.000000,0.000000) 1 249 
58 (0.000000,0.000000) 1 249 
238 (0.000000,0.000000) 1 249 
279 (0.000000,0.000000) 1 249 
109 (0.000000,0.000000) 1 249 
19 (0.000000,0.000000) 1 249 
152 (0.000000,0.000000) 1 249 
274 (0.000000,0.000000) 24 249 483 15 490 533 503 267 70 534 548 74 517 552 399 404 168 222 280 330 544 500 111 429 422 
483 (0.000000,0.000000) 1 274 
15 (0.000000,0.000000) 1 274 
490 (0.000000,0.000000) 1 274 
533 (0.000000,0.000000) 1 274 
503 (0.000000,0.000000) 1 274 
267 (0.000000,0.000000) 1 274 
70 (0.000000,0.000000) 1 274 
534 (0.000000,0.000000) 1 274 
548 (0.000000,0.000000) 1 274 
74 (0.000000,0.000000) 1 274 
517 (0.000000,0.000000) 1 274 
552 (0.000000,0.000000) 1 274 
399 (0.000000,0.000000) 1 274 
404 (0.000000,0.000000) 1 274 
168 (0.000000,0.000000) 1 274 
222 (0.000000,0.000000) 1 274 
280 (0.000000,0.000000) 1 274 
330 (0.000000,0.000000) 1 274 
544 (0.000000,0.000000) 1 274 
500 (0.000000,0.000000) 1 274 
111 (0.000000,0.000000) 1 274 
429 (0.000000,0.000000) 1 274 
422 (0.000000,0.000000) 24 274 443 357 237 392 306 63 380 333 377 25 233 409 379 216 100 528 266 30 265 68 115 102 137 
443 (0.000000,0.000000) 1 422 
357 (0.000000,0.000000) 1 422 
237 (0.000000,0.000000) 1 422 
392 (0.000000,0.000000) 1 422 
306 (0.000000,0.000000) 1 422 
63 (0.000000,0.000000) 1 422 
380 (0.000000,0.000000) 1 422 
333 (0.000000,0.000000) 1 422 
377 (0.000000,0.000000) 1 422 
25 (0.000000,0.000000) 1 422 
233 (0.000000,0.000000) 1 422 
409 (0.000000,0.000000) 1 422 
379 (0.000000,0.000000) 1 422 
216 (0.000000,0.000000) 1 422 
100 (0.000000,0.000000) 1 422 
528 (0.000000,0.000000) 1 422 
266 (0.000000,0.000000) 1 422 
30 (0.000000,0.000000) 1 422 
265 (0.000000,0.000000) 1 422 
68 (0.000000,0.000000) 1 422 
115 (0.000000,0.000000) 1 422 
102 (0.000000,0.000000) 1 422 
137 (0.000000,0.000000) 24 422 420 320 48 431 470 110 460 260 134 463 527 236 57 24 169 118 405 437 450 498 231 49 29 
420 (0.000000,0.000000) 1 137 
320 (0.000000,0.000000) 1 137 
48 (0.000000,0.000000) 1 137 
431 (0.000000,0.000000) 1 137 
470 (0.000000,0.000000) 1 137 
110 (0.000000,0.000000) 1 137 
460 (0.000000,0.000000) 1 137 
260 (0.000000,0.000000) 1 137 
134 (0.000000,0.000000) 1 137 
463 (0.000000,0.000000) 1 137 
527 (0.000000,0.000000) 1 137 
236 (0.000000,0.000000) 1 137 
57 (0.000000,0.000000) 1 137 
24 (0.000000,0.000000) 1 137 
169 (0.000000,0.000000) 1 137 
118 (0.000000,0.000000) 1 137 
405 (0.000000,0.000000) 1 137 
437 (0.000000,0.000000) 1 137 
450 (0.000000,0.000000) 1 137 
498 (0.000000,0.000000) 1 137 
231 (0.000000,0.000000) 1 137 
49 (0.000000,0.000000) 1 137 
29 (0.000000,0.000000) 24 137 524 547 240 541 412 455 397 199 38 298 254 311 90 224 59 366 368 200 473 293 402 172 542 
524 (0.000000,0.000000) 1 29 
547 (0.000000,0.000000) 1 29 
240 (0.000000,0.000000) 1 29 
541 (0.000000,0.000000) 1 29 
412 (0.000000,0.000000) 1 29 
455 (0.000000,0.000000) 1 29 
397 (0.000000,0.000000) 1 29 
199 (0.000000,0.000000) 1 29 
38 (0.000000,0.000000) 1 29 
298 (0.000000,0.000000) 1 29 
254 (0.000000,0.000000) 1 29 
311 (0.000000,0.000000) 1 29 
90 (0.000000,0.000000) 1 29 
224 (0.000000,0.000000) 1 29 
59 (0.000000,0.000000) 1 29 
366 (0.000000,0.000000) 1 29 
368 (0.000000,0.000000) 1 29 
200 (0.000000,0.000000) 1 29 
473 (0.000000,0.000000) 1 29 
293 (0.000000,0.000000) 1 29 
402 (0.000000,0.000000) 1 29 
172 (0.000000,0.000000) 1 29 
542 (0.000000,0.000000) 24 29 183 370 449 206 162 194 104 252 317 477 264 433 369 504 54 523 82 554 430 132 108 432 426 
183 (0.000000,0.000000) 1 542 
370 (0.000000,0.000000) 1 542 
449 (0.000000,0.000000) 1 542 
206 (0.000000,0.000000) 1 542 
162 (0.000000,0.000000) 1 542 
194 (0.000000,0.000000) 1 542 
104 (0.000000,0.000000) 1 542 
252 (0.000000,0.000000) 1 542 
317 (0.000000,0.000000) 1 542 
477 (0.000000,0.000000) 1 542 
264 (0.000000,0.000000) 1 542 
433 (0.000000,0.000000) 1 542 
369 (0.000000,0.000000) 1 542 
504 (0.000000,0.000000) 1 542 
54 (0.000000,0.000000) 1 542 
523 (0.000000,0.000000) 1 542 
82 (0.000000,0.000000) 1 542 
554 (0.000000,0.000000) 1 542 
430 (0.000000,0.000000) 1 542 
132 (0.000000,0.000000) 1 542 
108 (0.000000,0.000000) 1 542 
432 (0.000000,0.000000) 1 542 
426 (0.000000,0.000000) 24 542 286 521 257 73 47 235 416 210 130 281 92 537 123 287 462 253 522 185 208 232 442 495 205 
286 (0.000000,0.000000) 1 426 
521 (0.000000,0.000000) 1 426 
257 (0.000000,0.000000) 1 426 
73 (0.000000,0.000000) 1 426 
47 (0.000000,0.000000) 1 426 
235 (0.000000,0.000000) 1 426 
416 (0.000000,0.000000) 1 426 
210 (0.000000,0.000000) 1 426 
130 (0.000000,0.000000) 1 426 
281 (0.000000,0.000000) 1 426 
92 (0.000000,0.000000) 1 426 
537 (0.000000,0.000000) 1 426 
123 (0.000000,0.000000) 1 426 
287 (0.000000,0.000000) 1 426 
462 (0.000000,0.000000) 1 426 
253 (0.000000,0.000000) 1 426 
522 (0.000000,0.000000) 1 426 
185 (0.000000,0.000000) 1 426 
208 (0.000000,0.000000) 1 426 
232 (0.000000,0.000000) 1 426 
442 (0.000000,0.000000) 1 426 
495 (0.000000,0.000000) 1 426 
205 (0.000000,0.000000) 24 426 378 119 153 497 352 421 71 191 22 177 192 268 435 493 348 384 346 182 451 144 151 219 358 
378 (0.000000,0.000000) 1 205 
119 (0.000000,0.000000) 1 205 
153 (0.000000,0.000000) 1 205 
497 (0.000000,0.000000) 1 205 
352 (0.000000,0.000000) 1 205 
421 (0.000000,0.000000) 1 205 
71 (0.000000,0.000000) 1 205 
191 (0.000000,0.000000) 1 205 
22 (0.000000,0.000000) 1 205 
177 (0.000000,0.000000) 1 205 
192 (0.000000,0.000000) 1 205 
268 (0.000000,0.000000) 1 205 
435 (0.000000,0.000000) 1 205 
493 (0.000000,0.000000) 1 205 
348 (0.000000,0.000000) 1 205 
384 (0.000000,0.000000) 1 205 
346 (0.000000,0.000000) 1 205 
182 (0.000000,0.000000) 1 205 
451 (0.000000,0.000000) 1 205 
144 (0.000000,0.000000) 1 205 
151 (0.000000,0.000000) 1 205 
219 (0.000000,0.000000) 1 205 
358 (0.000000,0.000000) 24 205 141 296 23 158 415 501 492 145 39 122 396 376 157 167 64 125 452 367 486 7 116 549 129 
141 (0.000000,0.000000) 1 358 
296 (0.000000,0.000000) 1 358 
23 (0.000000,0.000000) 1 358 
158 (0.000000,0.000000) 1 358 
415 (0.000000,0.000000) 1 358 
501 (0.000000,0.000000) 1 358 
492 (0.000000,0.000000) 1 358 
145 (0.000000,0.000000) 1 358 
39 (0.000000,0.000000) 1 358 
122 (0.000000,0.000000) 1 358 
396 (0.000000,0.000000) 1 358 
376 (0.000000,0.000000) 1 358 
157 (0.000000,0.000000) 1 358 
167 (0.000000,0.000000) 1 358 
64 (0.000000,0.000000) 1 358 
125 (0.000000,0.000000) 1 358 
452 (0.000000,0.000000) 1 358 
367 (0.000000,0.000000) 1 358 
486 (0.000000,0.000000) 1 358 
7 (0.000000,0.000000) 1 358 
116 (0.000000,0.000000) 1 358 
549 (0.000000,0.000000) 1 358 
129 (0.000000,0.000000) 24 358 305 285 319 553 418 139 551 165 423 400 465 148 26 342 382 395 494 475 149 496 50 331 324 
305 (0.000000,0.000000) 1 129 
285 (0.000000,0.000000) 1 129 
319 (0.000000,0.000000) 1 129 
553 (0.000000,0.000000) 1 129 
418 (0.000000,0.000000) 1 129 
139 (0.000000,0.000000) 1 129 
551 (0.000000,0.000000) 1 129 
165 (0.000000,0.000000) 1 129 
423 (0.000000,0.000000) 1 129 
400 (0.000000,0.000000) 1 129 
465 (0.000000,0.000000) 1 129 
148 (0.000000,0.000000) 1 129 
26 (0.000000,0.000000) 1 129 
342 (0.000000,0.000000) 1 129 
382 (0.000000,0.000000) 1 129 
395 (0.000000,0.000000) 1 129 
494 (0.000000,0.000000) 1 129 
475 (0.000000,0.000000) 1 129 
149 (0.000000,0.000000) 1 129 
496 (0.000000,0.000000) 1 129 
50 (0.000000,0.000000) 1 129 
331 (0.000000,0.000000) 1 129 
324 (0.000000,0.000000) 24 129 227 223 328 187 42 372 360 362 344 499 510 520 337 364 550 309 278 258 322 313 467 479 96 
227 (0.000000,0.000000) 1 324 
223 (0.000000,0.000000) 1 324 
328 (0.000000,0.000000) 1 324 
187 (0.000000,0.000000) 1 324 
42 (0.000000,0.000000) 1 324 
372 (0.000000,0.000000) 1 324 
360 (0.000000,0.000000) 1 324 
362 (0.000000,0.000000) 1 324 
344 (0.000000,0.000000) 1 324 
499 (0.000000,0.000000) 1 324 
510 (0.000000,0.000000) 1 324 
520 (0.000000,0.000000) 1 324 
337 (0.000000,0.000000) 1 324 
364 (0.000000,0.000000) 1 324 
550 (0.000000,0.000000) 1 324 
309 (0.000000,0.000000) 1 324 
278 (0.000000,0.000000) 1 324 
258 (0.000000,0.000000) 1 324 
322 (0.000000,0.000000) 1 324 
313 (0.000000,0.000000) 1 324 
467 (0.000000,0.000000) 1 324 
479 (0.000000,0.000000) 1 324 
96 (0.000000,0.000000) 24 324 508 221 27 359 290 147 159 531 441 242 250 161 127 246 283 18 67 312 131 334 321 175 391 
508 (0.000000,0.000000) 1 96 
221 (0.000000,0.000000) 1 96 
27 (0.000000,0.000000) 1 96 
359 (0.000000,0.000000) 1 96 
290 (0.000000,0.000000) 1 96 
147 (0.000000,0.000000) 1 96 
159 (0.000000,0.000000) 1 96 
531 (0.000000,0.000000) 1 96 
441 (0.000000,0.000000) 1 96 
242 (0.000000,0.000000) 1 96 
250 (0.000000,0.000000) 1 96 
161 (0.000000,0.000000) 1 96 
127 (0.000000,0.000000) 1 96 
246 (0.000000,0.000000) 1 96 
283 (0.000000,0.000000) 1 96 
18 (0.000000,0.000000) 1 96 
67 (0.000000,0.000000) 1 96 
312 (0.000000,0.000000) 1 96 
131 (0.000000,0.000000) 1 96 
334 (0.000000,0.000000) 1 96 
321 (0.000000,0.000000) 1 96 
175 (0.000000,0.000000) 1 96 
391 (0.000000,0.000000) 24 96 230 389 40 259 410 76 393 69 218 251 457 75 94 516 297 269 256 209 471 424 84 388 407 
230 (0.000000,0.000000) 1 391 
389 (0.000000,0.000000) 1 391 
40 (0.000000,0.000000) 1 391 
259 (0.000000,0.000000) 1 391 
410 (0.000000,0.000000) 1 391 
76 (0.000000,0.000000) 1 391 
393 (0.000000,0.000000) 1 391 
69 (0.000000,0.000000) 1 391 
218 (0.000000,0.000000) 1 391 
251 (0.000000,0.000000) 1 391 
457 (0.000000,0.000000) 1 391 
75 (0.000000,0.000000) 1 391 
94 (0.000000,0.000000) 1 391 
516 (0.000000,0.000000) 1 391 
297 (0.000000,0.000000) 1 391 
269 (0.000000,0.000000) 1 391 
256 (0.000000,0.000000) 1 391 
209 (0.000000,0.000000) 1 391 
471 (0.000000,0.000000) 1 391 
424 (0.000000,0.000000) 1 391 
84 (0.000000,0.000000) 1 391 
388 (0.000000,0.000000) 1 391 
407 (0.000000,0.000000) 24 391 434 180 275 374 66 511 234 447 121 347 488 55 217 150 178 193 323 509 65 61 28 302 184 
434 (0.000000,0.000000) 1 407 
180 (0.000000,0.000000) 1 407 
275 (0.000000,0.000000) 1 407 
374 (0.000000,0.000000) 1 407 
66 (0.000000,0.000000) 1 407 
511 (0.000000,0.000000) 1 407 
234 (0.000000,0.000000) 1 407 
447 (0.000000,0.000000) 1 407 
121 (0.000000,0.000000) 1 407 
347 (0.000000,0.000000) 1 407 
488 (0.000000,0.000000) 1 407 
55 (0.000000,0.000000) 1 407 
217 (0.000000,0.000000) 1 407 
150 (0.000000,0.000000) 1 407 
178 (0.000000,0.000000) 1 407 
193 (0.000000,0.000000) 1 407 
323 (0.000000,0.000000) 1 407 
509 (0.000000,0.000000) 1 407 
65 (0.000000,0.000000) 1 407 
61 (0.000000,0.000000) 1 407 
28 (0.000000,0.000000) 1 407 
302 (0.000000,0.000000) 1 407 
184 (0.000000,0.000000) 24 407 164 299 88 341 36 288 271 89 353 190 207 336 314 87 439 32 126 444 213 339 350 176 248 
164 (0.000000,0.000000) 1 184 
299 (0.000000,0.000000) 1 184 
88 (0.000000,0.000000) 1 184 
341 (0.000000,0.000000) 1 184 
36 (0.000000,0.000000) 1 184 
288 (0.000000,0.000000) 1 184 
271 (0.000000,0.000000) 1 184 
89 (0.000000,0.000000) 1 184 
353 (0.000000,0.000000) 1 184 
190 (0.000000,0.000000) 1 184 
207 (0.000000,0.000000) 1 184 
336 (0.000000,0.000000) 1 184 
314 (0.000000,0.000000) 1 184 
87 (0.000000,0.000000) 1 184 
439 (0.000000,0.000000) 1 184 
32 (0.000000,0.000000) 1 184 
126 (0.000000,0.000000) 1 184 
444 (0.000000,0.000000) 1 184 
213 (0.000000,0.000000) 1 184 
339 (0.000000,0.000000) 1 184 
350 (0.000000,0.000000) 1 184 
176 (0.000000,0.000000) 1 184 
248 (0.000000,0.000000) 24 184 270 381 117 202 292 195 91 43 99 143 408 160 142 518 383 186 33 326 343 484 459 215 375 
270 (0.000000,0.000000) 1 248 
381 (0.000000,0.000000) 1 248 
117 (0.000000,0.000000) 1 248 
202 (0.000000,0.000000) 1 248 
292 (0.000000,0.000000) 1 248 
195 (0.000000,0.000000) 1 248 
91 (0.000000,0.000000) 1 248 
43 (0.000000,0.000000) 1 248 
99 (0.000000,0.000000) 1 248 
143 (0.000000,0.000000) 1 248 
408 (0.000000,0.000000) 1 248 
160 (0.000000,0.000000) 1 248 
142 (0.000000,0.000000) 1 248 
518 (0.000000,0.000000) 1 248 
383 (0.000000,0.000000) 1 248 
186 (0.000000,0.000000) 1 248 
33 (0.000000,0.000000) 1 248 
326 (0.000000,0.000000) 1 248 
343 (0.000000,0.000000) 1 248 
484 (0.000000,0.000000) 1 248 
459 (0.000000,0.000000) 1 248 
215 (0.000000,0.000000) 1 248 
375 (0.000000,0.000000) 24 248 95 2 387 502 276 325 406 46 461 229 363 540 446 472 526 3 6 480 204 308 45 135 505 
95 (0.000000,0.000000) 1 375 
2 (0.000000,0.000000) 1 375 
387 (0.000000,0.000000) 1 375 
502 (0.000000,0.000000) 1 375 
276 (0.000000,0.000000) 1 375 
325 (0.000000,0.000000) 1 375 
406 (0.000000,0.000000) 1 375 
46 (0.000000,0.000000) 1 375 
461 (0.000000,0.000000) 1 375 
229 (0.000000,0.000000) 1 375 
363 (0.000000,0.000000) 1 375 
540 (0.000000,0.000000) 1 375 
446 (0.000000,0.000000) 1 375 
472 (0.000000,0.000000) 1 375 
526 (0.000000,0.000000) 1 375 
3 (0.000000,0.000000) 1 375 
6 (0.000000,0.000000) 1 375 
480 (0.000000,0.000000) 1 375 
204 (0.000000,0.000000) 1 375 
308 (0.000000,0.000000) 1 375 
45 (0.000000,0.000000) 1 375 
135 (0.000000,0.000000) 1 375 
505 (0.000000,0.000000) 1 375 