50 (0.000000,0.000000) 1 99 
99 (0.000000,0.000000) 12 50 74 39 18 132 107 98 106 115 62 126 56 
74 (0.000000,0.000000) 1 99 
39 (0.000000,0.000000) 1 99 
18 (0.000000,0.000000) 1 99 
132 (0.000000,0.000000) 1 99 
107 (0.000000,0.000000) 1 99 
98 (0.000000,0.000000) 1 99 
106 (0.000000,0.000000) 1 99 
115 (0.000000,0.000000) 1 99 
62 (0.000000,0.000000) 1 99 
126 (0.000000,0.000000) 1 99 
56 (0.000000,0.000000) 12 99 123 10 2 8 15 9 67 72 83 79 38 
123 (0.000000,0.000000) 1 56 
10 (0.000000,0.000000) 1 56 
2 (0.000000,0.000000) 1 56 
8 (0.000000,0.000000) 1 56 
15 (0.000000,0.000000) 1 56 
9 (0.000000,0.000000) 1 56 
67 (0.000000,0.000000) 1 56 
72 (0.000000,0.000000) 1 56 
83 (0.000000,0.000000) 1 56 
79 (0.000000,0.000000) 1 56 
38 (0.000000,0.000000) 12 56 70 80 26 46 69 77 28 90 133 125 11 
70 (0.000000,0.000000) 1 38 
80 (0.000000,0.000000) 1 38 
26 (0.000000,0.000000) 1 38 
46 (0.000000,0.000000) 1 38 
69 (0.000000,0.000000) 1 38 
77 (0.000000,0.000000) 1 38 
28 (0.000000,0.000000) 1 38 
90 (0.000000,0.000000) 1 38 
133 (0.000000,0.000000) 1 38 
125 (0.000000,0.000000) 1 38 
11 (0.000000,0.000000) 12 38 113 118 120 32 25 78 73 131 101 66 47 
113 (0.000000,0.000000) 1 11 
118 (0.000000,0.000000) 1 11 
120 (0.000000,0.000000) 1 11 
32 (0.000000,0.000000) 1 11 
25 (0.000000,0.000000) 1 11 
78 (0.000000,0.000000) 1 11 
73 (0.000000,0.000000) 1 11 
131 (0.000000,0.000000) 1 11 
101 (0.000000,0.000000) 1 11 
66 (0.000000,0.000000) 1 11 
47 (0.000000,0.000000) 12 11 112 104 42 52 4 34 29 93 116 103 45 
112 (0.000000,0.000000) 1 47 
104 (0.000000,0.000000) 1 47 
42 (0.000000,0.000000) 1 47 
52 (0.000000,0.000000) 1 47 
4 (0.000000,0.000000) 1 47 
34 (0.000000,0.000000) 1 47 
29 (0.000000,0.000000) 1 47 
93 (0.000000,0.000000) 1 47 
116 (0.000000,0.000000) 1 47 
103 (0.000000,0.000000) 1 47 
45 (0.000000,0.000000) 12 47 55 13 109 40 63 5 19 6 84 117 95 
55 (0.000000,0.000000) 1 45 
13 (0.000000,0.000000) 1 45 
109 (0.000000,0.000000) 1 45 
40 (0.000000,0.000000) 1 45 
63 (0.000000,0.000000) 1 45 
5 (0.000000,0.000000) 1 45 
19 (0.000000,0.000000) 1 45 
6 (0.000000,0.000000) 1 45 
84 (0.000000,0.000000) 1 45 
117 (0.000000,0.000000) 1 45 
95 (0.000000,0.000000) 12 45 96 75 59 14 128 53 68 48 81 12 43 
96 (0.000000,0.000000) 1 95 
75 (0.000000,0.000000) 1 95 
59 (0.000000,0.000000) 1 95 
14 (0.000000,0.000000) 1 95 
128 (0.000000,0.000000) 1 95 
53 (0.000000,0.000000) 1 95 
68 (0.000000,0.000000) 1 95 
48 (0.000000,0.000000) 1 95 
81 (0.000000,0.000000) 1 95 
12 (0.000000,0.000000) 1 95 
43 (0.000000,0.000000) 12 95 87 60 3 134 92 91 85 61 7 127 33 
87 (0.000000,0.000000) 1 43 
60 (0.000000,0.000000) 1 43 
3 (0.000000,0.000000) 1 43 
134 (0.000000,0.000000) 1 43 
92 (0.000000,0.000000) 1 43 
91 (0.000000,0.000000) 1 43 
85 (0.000000,0.000000) 1 43 
61 (0.000000,0.000000) 1 43 
7 (0.000000,0.000000) 1 43 
127 (0.000000,0.000000) 1 43 
33 (0.000000,0.000000) 12 43 86 49 1 64 88 76 130 37 121 129 119 
86 (0.000000,0.000000) 1 33 
49 (0.000000,0.000000) 1 33 
1 (0.000000,0.000000) 1 33 
64 (0.000000,0.000000) 1 33 
88 (0.000000,0.000000) 1 33 
76 (0.000000,0.000000) 1 33 
130 (0.000000,0.000000) 1 33 
37 (0.000000,0.000000) 1 33 
121 (0.000000,0.000000) 1 33 
129 (0.000000,0.000000) 1 33 
119 (0.000000,0.000000) 12 33 30 108 100 22 23 94 35 97 41 44 24 
30 (0.000000,0.000000) 1 119 
108 (0.000000,0.000000) 1 119 
100 (0.000000,0.000000) 1 119 
22 (0.000000,0.000000) 1 119 
23 (0.000000,0.000000) 1 119 
94 (0.000000,0.000000) 1 119 
35 (0.000000,0.000000) 1 119 
97 (0.000000,0.000000) 1 119 
41 (0.000000,0.000000) 1 119 
44 (0.000000,0.000000) 1 119 
24 (0.000000,0.000000) 12 119 82 65 71 27 54 124 110 17 57 20 31 
82 (0.000000,0.000000) 1 24 
65 (0.000000,0.000000) 1 24 
71 (0.000000,0.000000) 1 24 
27 (0.000000,0.000000) 1 24 
54 (0.000000,0.000000) 1 24 
124 (0.000000,0.000000) 1 24 
110 (0.000000,0.000000) 1 24 
17 (0.000000,0.000000) 1 24 
57 (0.000000,0.000000) 1 24 
20 (0.000000,0.000000) 1 24 
31 (0.000000,0.000000) 12 24 122 89 21 58 36 102 105 16 51 114 111 
122 (0.000000,0.000000) 1 31 
89 (0.000000,0.000000) 1 31 
21 (0.000000,0.000000) 1 31 
58 (0.000000,0.000000) 1 31 
36 (0.000000,0.000000) 1 31 
102 (0.000000,0.000000) 1 31 
105 (0.000000,0.000000) 1 31 
16 (0.000000,0.000000) 1 31 
51 (0.000000,0.000000) 1 31 
114 (0.000000,0.000000) 1 31 
111 (0.000000,0.000000) 1 31 