   1 (0.757869,0.019082)   5  221 377 661 835 875
   2 (0.633041,0.249090)   5  61 206 544 820 966
   3 (0.080447,0.920585)   3  352 595 909
   4 (0.136463,0.480402)   5  212 746 764 805 840
   5 (0.065050,0.797781)   9  19 55 154 214 284 495 528 607 823
   6 (0.255722,0.895401)   9  72 178 249 472 599 700 704 826 863
   7 (0.200569,0.396909)   2  378 677
   8 (0.658110,0.193970)   6  123 265 494 673 780 887
   9 (0.214644,0.958438)   6  139 211 803 913 949 984
  10 (0.415991,0.291152)   6  11 38 186 321 342 532
  11 (0.443059,0.295091)   7  10 95 186 405 465 532 815
  12 (0.879023,0.552454)   5  58 69 122 652 939
  13 (0.771554,0.508109)   2  277 898
  14 (0.092873,0.134744)   4  311 337 344 908
  15 (0.447855,0.972123)   3  315 441 851
  16 (0.905018,0.750983)   2  969 994
  17 (0.328714,0.662499)   8  307 314 340 609 690 804 897 993
  18 (0.930561,0.321009)   7  23 165 279 681 734 819 834
  19 (0.042135,0.771773)   6  5 48 154 214 528 798
  20 (0.957590,0.809583)   2  191 676
  21 (0.873462,0.813689)   6  330 464 487 648 745 986
  22 (0.279883,0.050463)   4  106 365 842 858
  23 (0.944327,0.321317)   7  18 165 279 681 734 819 880
  24 (0.785812,0.184900)   1  581
  25 (0.801446,0.273041)   3  346 795 818
  26 (0.983816,0.716372)   3  325 825 869
  27 (0.505909,0.843581)   6  394 458 471 703 910 975
  28 (0.044815,0.941407)   6  280 531 558 702 755 827
  29 (0.525955,0.379372)   7  492 533 592 621 792 894 936
  30 (0.657270,0.324697)   5  367 619 642 856 879
  31 (0.991870,0.470283)   3  611 640 809
  32 (0.700689,0.443082)   4  45 313 555 967
  33 (0.509598,0.793316)   2  458 606
  34 (0.743324,0.684505)   6  104 230 304 437 510 779
  35 (0.159454,0.015507)   1  474
  36 (0.636897,0.788139)   4  597 649 789 861
  37 (0.625911,0.685409)   9  79 118 129 187 486 575 669 960 974
  38 (0.394878,0.294167)   6  10 321 342 404 511 968
  39 (0.112836,0.617781)   9  145 171 234 295 316 425 450 462 503
  40 (0.155692,0.095567)   3  49 176 731
  41 (0.737248,0.622434)   6  78 341 410 507 928 934
  42 (0.411097,0.899016)   2  351 537
  43 (0.780072,0.896702)   9  59 143 237 270 434 578 604 670 693
  44 (0.637940,0.047993)   4  68 302 527 596
  45 (0.687155,0.405983)   6  32 274 379 491 632 655
  46 (0.582111,0.032819)   4  107 148 773 950
  47 (0.342160,0.799991)   5  203 382 428 513 927
  48 (0.023764,0.737804)   3  19 654 798
  49 (0.128386,0.079408)   5  40 176 530 731 801
  50 (0.422425,0.434861)   5  101 253 583 716 989
  51 (0.636820,0.908458)   4  467 787 872 905
  52 (0.976110,0.060365)   6  82 391 412 461 470 845
  53 (0.482854,0.323975)   4  71 95 405 857
  54 (0.314441,0.558222)   8  179 185 446 469 617 685 736 800
  55 (0.093184,0.825014)   5  5 284 495 607 823
  56 (0.123966,0.338205)   8  241 479 571 742 771 784 829 952
  57 (0.296025,0.221570)   4  229 414 508 761
  58 (0.904422,0.546390)   4  12 67 652 939
  59 (0.773066,0.932845)   9  43 70 143 270 281 310 434 604 674
  60 (0.130027,0.880533)   3  460 635 832
  61 (0.606756,0.255920)   8  2 235 430 438 544 631 715 820
  62 (0.256820,0.444468)   7  116 180 300 376 574 797 983
  63 (0.438755,0.699940)   2  227 372
  64 (0.080934,0.380786)   3  320 358 904
  65 (0.782673,0.734780)   4  127 243 291 922
  66 (0.921509,0.985356)   1  202
  67 (0.927176,0.555738)   3  58 600 652
  68 (0.667625,0.051537)   4  44 302 481 596
  69 (0.865889,0.533932)   4  12 122 312 652
  70 (0.811658,0.924445)   8  59 137 143 270 281 434 578 890
  71 (0.496005,0.304644)   7  53 95 166 218 219 364 405
  72 (0.233871,0.892592)   8  6 472 572 599 700 704 826 863
  73 (0.305231,0.278677)   4  587 708 739 778
  74 (0.039424,0.155381)   3  360 515 598
  75 (0.877949,0.232407)   9  112 134 388 413 622 696 750 871 992
  76 (0.834416,0.707049)   3  350 542 953
  77 (0.206917,0.743838)   2  108 783
  78 (0.766338,0.646074)   5  41 230 507 534 782
  79 (0.631494,0.702922)   6  37 118 129 187 575 669
  80 (0.048481,0.000210)   2  258 976
  81 (0.538666,0.936724)   3  373 688 903
  82 (0.981599,0.087905)   5  52 264 412 461 470
  83 (0.155590,0.416615)   3  378 585 677
  84 (0.169131,0.816015)   3  155 168 395
  85 (0.794953,0.362507)   1  383
  86 (0.160452,0.935469)   4  102 195 556 803
  87 (0.462089,0.426447)   6  253 400 583 709 914 989
  88 (0.065429,0.208934)   3  113 360 831
  89 (0.935679,0.000755)   0 
  90 (0.363172,0.047028)   4  194 278 308 870
  91 (0.296838,0.091269)   8  106 348 365 389 497 563 842 942
  92 (0.417370,0.532303)   3  223 309 549
  93 (0.863043,0.091792)   5  136 251 345 521 907
  94 (0.453776,0.577823)   5  384 429 459 695 799
  95 (0.467772,0.325132)   8  11 53 71 405 465 505 532 857
  96 (0.518239,0.519205)   0 
  97 (0.786756,0.403451)   5  445 541 663 671 947
  98 (0.325887,0.881410)   7  103 249 361 733 791 821 931
  99 (0.566233,0.083595)   7  246 252 484 717 773 915 950
 100 (0.494720,0.743258)   1  988
 101 (0.413713,0.429276)   5  50 253 716 806 989
 102 (0.175387,0.948496)   7  86 139 195 499 556 803 984
 103 (0.321080,0.881485)   6  98 249 361 733 791 931
 104 (0.754408,0.693626)   7  34 230 243 304 437 510 779
 105 (0.467701,0.107837)   4  205 288 418 618
 106 (0.284936,0.080295)   7  22 91 365 389 497 842 942
 107 (0.575036,0.033934)   5  46 148 290 717 950
 108 (0.191432,0.779655)   2  77 168
 109 (0.823553,0.988749)   1  306
 110 (0.463210,0.366818)   3  480 505 857
 111 (0.728151,0.144633)  10  215 228 247 409 436 589 770 811 889 902
 112 (0.870234,0.217618)   5  75 134 696 750 992
 113 (0.060444,0.195852)   4  88 360 598 831
 114 (0.252470,0.155169)   5  333 431 447 551 591
 115 (0.297914,0.635480)   8  220 307 314 442 482 897 911 993
 116 (0.229787,0.443902)   6  62 225 300 376 524 574
 117 (0.934825,0.121466)   6  152 167 374 398 417 699
 118 (0.624229,0.692997)   7  37 79 129 187 575 669 960
 119 (0.810720,0.662976)   2  912 999
 120 (0.266100,0.494463)   2  650 797
 121 (0.910616,0.871164)   3  468 490 813
 122 (0.858829,0.518570)   4  12 69 312 662
 123 (0.649632,0.208529)   6  8 206 494 673 780 887
 124 (0.506644,0.088615)   4  418 484 618 691
 125 (0.962472,0.584457)   2  600 935
 126 (0.329995,0.130873)   7  305 348 452 498 563 644 860
 127 (0.781613,0.773192)   8  65 198 291 326 719 922 924 944
 128 (0.247433,0.596095)   7  298 327 442 482 754 846 911
 129 (0.625336,0.692228)   8  37 79 118 187 486 575 669 960
 130 (0.644357,0.106261)   4  302 488 653 884
 131 (0.114665,0.274968)   4  172 390 722 742
 132 (0.900757,0.151001)   3  152 540 699
 133 (0.194877,0.077137)   1  579
 134 (0.859424,0.230753)   7  75 112 622 696 750 795 992
 135 (0.281874,0.976489)   2  554 712
 136 (0.850330,0.106857)   6  93 248 251 521 646 907
 137 (0.826848,0.907209)   6  70 143 270 578 772 890
 138 (0.668717,0.494686)   7  201 313 538 568 727 744 896
 139 (0.213118,0.941513)   8  9 102 211 572 803 913 949 984
 140 (0.182177,0.569474)   3  338 724 973
 141 (0.645687,0.407995)   3  274 379 632
 142 (0.018650,0.041601)   3  707 774 833
 143 (0.800227,0.927561)   8  43 59 70 137 270 281 434 578
 144 (0.384484,0.868980)   2  925 931
 145 (0.148458,0.627075)   9  39 199 234 316 338 450 462 876 955
 146 (0.834770,0.053201)   5  251 266 345 457 962
 147 (0.363666,0.361577)   8  415 511 628 665 740 862 971 998
 148 (0.568587,0.016947)   4  46 107 290 950
 149 (0.622676,0.009353)   1  527
 150 (0.769572,0.587238)   5  507 534 613 666 675
 151 (0.058548,0.422902)   5  169 320 396 397 786
 152 (0.936913,0.154056)   7  117 132 167 398 417 535 699
 153 (0.456217,0.207007)   3  238 407 985
 154 (0.049977,0.771684)   6  5 19 214 284 528 798
 155 (0.207257,0.819883)   6  84 159 216 614 615 785
 156 (0.568584,0.618564)   7  260 562 594 762 776 885 917
 157 (0.788631,0.829933)   4  198 670 726 729
 158 (0.829236,0.338156)   3  263 294 843
 159 (0.205802,0.847179)   4  155 216 614 615
 160 (0.252835,0.766149)   3  783 855 923
 161 (0.492212,0.662019)   9  177 213 368 372 454 463 636 788 881
 162 (0.054186,0.302812)   5  217 296 522 668 952
 163 (0.537833,0.699469)   8  231 282 463 633 788 816 987 988
 164 (0.481902,0.622770)   7  429 454 459 636 732 799 881
 165 (0.921377,0.326463)   8  18 23 279 734 756 819 834 981
 166 (0.529402,0.311138)   4  71 239 356 424
 167 (0.960925,0.127179)   7  117 152 264 357 398 417 943
 168 (0.173642,0.782237)   2  84 108
 169 (0.077287,0.453137)   7  151 286 396 397 420 748 786
 170 (0.789198,0.227828)   3  346 581 818
 171 (0.085050,0.615120)   5  39 295 316 425 503
 172 (0.152606,0.271100)   6  131 370 686 714 722 737
 173 (0.850598,0.006426)   1  687
 174 (0.941583,0.682008)   5  343 512 765 825 895
 175 (0.582238,0.811523)   5  319 328 597 601 775
 176 (0.133605,0.115225)   5  40 49 731 801 908
 177 (0.464245,0.659525)   5  161 372 454 636 881
 178 (0.264660,0.922803)   3  6 472 863
 179 (0.343054,0.549295)   7  54 185 446 475 617 685 736
 180 (0.274644,0.417266)   5  62 324 376 552 983
 181 (0.193903,0.193652)   8  224 255 421 432 658 951 956 1000
 182 (0.555721,0.216227)   5  240 715 841 945 970
 183 (0.099273,0.776140)   6  214 261 284 478 823 824
 184 (0.005175,0.689326)   1  573
 185 (0.331452,0.563519)   8  54 179 283 446 617 685 736 800
 186 (0.435665,0.269834)   5  10 11 815 899 963
 187 (0.612129,0.674506)   8  37 79 118 129 486 575 960 974
 188 (0.112814,0.710309)   1  603
 189 (0.687100,0.806032)   4  456 610 689 861
 190 (0.868158,0.668535)   7  226 380 477 542 852 912 999
 191 (0.926536,0.786374)   5  20 464 676 969 994
 192 (0.582172,0.873332)   4  565 601 759 906
 193 (0.357862,0.257988)   6  321 339 404 739 778 968
 194 (0.349892,0.017837)   7  90 278 308 483 634 760 870
 195 (0.143167,0.969991)   7  86 102 499 556 721 802 938
 196 (0.932494,0.462706)   3  335 349 977
 197 (0.728146,0.830267)   3  455 647 725
 198 (0.776023,0.800652)   6  127 157 326 719 924 944
 199 (0.131241,0.654682)   4  145 316 450 603
 200 (0.616640,0.358195)   5  520 593 763 856 879
 201 (0.673984,0.489103)   7  138 313 538 568 727 744 967
 202 (0.912670,0.966533)   4  66 639 836 882
 203 (0.376032,0.817151)   6  47 428 513 536 616 925
 204 (0.459094,0.845165)   4  236 471 559 919
 205 (0.429239,0.104178)   2  105 288
 206 (0.647418,0.235117)   5  2 123 269 887 966
 207 (0.645817,0.560480)   7  244 366 423 548 793 868 896
 208 (0.758860,0.264058)   4  346 347 818 830
 209 (0.593312,0.319801)   9  424 433 438 520 631 657 763 777 856
 210 (0.049583,0.671530)   2  242 586
 211 (0.230591,0.969344)   3  9 139 949
 212 (0.136952,0.508678)   4  4 746 840 849
 213 (0.516695,0.659829)   4  161 368 463 788
 214 (0.073522,0.784369)   8  5 19 154 183 284 478 528 823
 215 (0.743795,0.162511)   5  111 228 770 811 889
 216 (0.220310,0.832382)   9  155 159 403 599 614 615 785 866 920
 217 (0.048427,0.337107)   1  162
 218 (0.482312,0.269893)   4  71 219 364 815
 219 (0.503913,0.279018)   4  71 218 356 364
 220 (0.306451,0.619264)   8  115 283 307 442 469 800 897 911
 221 (0.778570,0.020607)   6  1 377 451 661 835 875
 222 (0.938847,0.379974)   4  279 422 493 834
 223 (0.403633,0.522365)   5  92 297 309 549 892
 224 (0.183119,0.159157)   7  181 255 432 651 705 941 956
 225 (0.212356,0.452060)   6  116 300 376 378 524 574
 226 (0.859472,0.665431)   7  190 380 477 542 852 912 999
 227 (0.429049,0.716269)   2  63 877
 228 (0.731078,0.165923)   6  111 215 582 770 811 889
 229 (0.284695,0.207620)   6  57 299 375 414 761 932
 230 (0.736876,0.669925)   5  34 78 104 304 437
 231 (0.545897,0.688328)   8  163 282 463 633 788 816 987 988
 232 (0.729985,0.919995)   3  317 604 674
 233 (0.829082,0.758253)   4  350 440 738 953
 234 (0.140389,0.589457)   6  39 145 338 462 682 973
 235 (0.585426,0.258131)   6  61 430 438 544 715 820
 236 (0.474521,0.871467)   3  204 250 919
 237 (0.755380,0.870121)   6  43 604 647 693 725 726
 238 (0.465751,0.211397)   2  153 985
 239 (0.541392,0.301277)   4  166 356 424 777
 240 (0.558449,0.195736)   6  182 262 841 900 945 970
 241 (0.131392,0.370474)   6  56 479 571 784 829 904
 242 (0.059530,0.698838)   2  210 586
 243 (0.785193,0.716818)   4  65 104 291 922
 244 (0.628605,0.534051)   5  207 366 453 793 896
 245 (0.570305,0.540574)   4  271 453 768 929
 246 (0.586939,0.094356)   7  99 252 488 557 717 773 915
 247 (0.745449,0.111697)   7  111 409 589 770 889 902 948
 248 (0.841851,0.145389)   4  136 275 393 646
 249 (0.290093,0.876841)   8  6 98 103 361 472 700 704 791
 250 (0.482171,0.901381)   2  236 500
 251 (0.844227,0.075286)   8  93 136 146 345 457 476 521 962
 252 (0.593660,0.110776)   4  99 246 488 557
 253 (0.435432,0.414532)   7  50 87 101 400 583 806 989
 254 (0.615860,0.180599)   5  262 265 673 697 780
 255 (0.205133,0.180881)   9  181 224 333 421 431 432 941 951 1000
 256 (0.526229,0.457711)   0 
 257 (0.325987,0.495225)   1  475
 258 (0.057723,0.008400)   3  80 625 976
 259 (0.359092,0.170214)   4  305 448 502 698
 260 (0.570511,0.651382)   5  156 282 885 917 987
 261 (0.119176,0.794524)   5  183 284 478 823 824
 262 (0.584746,0.186371)   5  240 254 841 900 970
 263 (0.831981,0.324309)   3  158 294 843
 264 (0.975406,0.110974)   6  82 167 357 412 417 943
 265 (0.644082,0.157969)   7  8 254 494 673 697 718 780
 266 (0.819534,0.033128)   3  146 687 962
 267 (0.119374,0.003174)   2  474 625
 268 (0.328183,0.390045)   3  628 848 971
 269 (0.684511,0.238550)   2  206 485
 270 (0.797698,0.912929)   9  43 59 70 137 143 281 434 578 604
 271 (0.576416,0.516492)   4  245 453 768 929
 272 (0.562859,0.773104)   3  328 605 758
 273 (0.023903,0.220498)   2  360 598
 274 (0.674461,0.382392)   6  45 141 379 491 632 655
 275 (0.806232,0.143277)   2  248 646
 276 (0.223672,0.002644)   2  402 711
 277 (0.772437,0.490743)   3  13 751 898
 278 (0.381827,0.021371)   4  90 194 483 870
 279 (0.915573,0.348854)   7  18 23 165 222 756 834 981
 280 (0.007236,0.944686)   5  28 558 702 755 827
 281 (0.794475,0.939475)   7  59 70 143 270 306 434 578
 282 (0.569352,0.681697)   4  163 231 260 987
 283 (0.327078,0.600707)   8  185 220 446 469 617 685 736 800
 284 (0.082752,0.793025)   9  5 55 154 183 214 261 478 607 823
 285 (0.684341,0.099515)   4  436 589 884 902
 286 (0.091450,0.464579)   6  169 363 397 420 748 786
 287 (0.814395,0.599913)   5  534 638 675 749 980
 288 (0.448369,0.098686)   4  105 205 418 812
 289 (0.409265,0.608870)   4  384 386 807 850
 290 (0.539389,0.017721)   2  107 148
 291 (0.780383,0.736343)   4  65 127 243 922
 292 (0.209577,0.622141)   5  298 355 526 876 955
 293 (0.810746,0.464723)   4  541 550 680 751
 294 (0.835858,0.301027)   4  158 263 353 517
 295 (0.086721,0.625141)   5  39 171 316 425 503
 296 (0.064637,0.284227)   3  162 522 668
 297 (0.399713,0.495986)   3  223 716 892
 298 (0.234011,0.604026)   6  128 292 442 482 754 846
 299 (0.301948,0.180096)   1  229
 300 (0.232329,0.443587)   6  62 116 225 376 524 574
 301 (0.226167,0.112694)   2  333 431
 302 (0.644819,0.068187)   5  44 68 130 488 596
 303 (0.744614,0.312888)   2  506 710
 304 (0.737835,0.709456)   6  34 104 230 437 510 779
 305 (0.352414,0.144327)   8  126 259 448 452 498 502 698 860
 306 (0.808874,0.971845)   2  109 281
 307 (0.313481,0.654363)   9  17 115 220 314 609 690 804 897 993
 308 (0.324423,0.041203)   5  90 194 760 842 858
 309 (0.415432,0.539648)   3  92 223 549
 310 (0.767056,0.969242)   4  59 362 369 411
 311 (0.109390,0.160047)   4  14 344 651 908
 312 (0.852536,0.504891)   4  69 122 550 662
 313 (0.678698,0.461804)   8  32 138 201 538 555 727 744 967
 314 (0.304374,0.661410)   7  17 115 307 609 690 897 993
 315 (0.476736,0.992179)   2  15 441
 316 (0.116166,0.628797)   9  39 145 171 199 295 425 450 462 503
 317 (0.702613,0.892169)   3  232 576 946
 318 (0.531828,0.883223)   4  565 703 759 975
 319 (0.598039,0.812002)   4  175 328 597 775
 320 (0.052216,0.384364)   4  64 151 358 990
 321 (0.388114,0.276736)   6  10 38 193 339 404 968
 322 (0.273806,0.356590)   2  324 560
 323 (0.045774,0.864850)   3  620 757 995
 324 (0.268915,0.389972)   3  180 322 983
 325 (0.985387,0.748386)   2  26 667
 326 (0.757019,0.800743)   5  127 198 719 924 944
 327 (0.273195,0.583425)   7  128 442 469 482 754 846 911
 328 (0.560388,0.809235)   7  175 272 319 394 458 775 910
 329 (0.185107,0.661309)   2  526 921
 330 (0.860162,0.834194)   4  21 487 648 986
 331 (0.165824,0.230881)   8  370 421 630 658 672 686 722 883
 332 (0.526159,0.129077)   4  501 557 643 691
 333 (0.224167,0.151211)   8  114 255 301 431 432 447 551 591
 334 (0.979267,0.283178)   2  681 972
 335 (0.929820,0.497362)   4  196 349 539 977
 336 (0.734636,0.539655)   2  769 878
 337 (0.092413,0.114927)   4  14 344 731 801
 338 (0.158671,0.594798)   8  140 145 234 355 462 876 955 973
 339 (0.373850,0.258237)   4  193 321 404 968
 340 (0.345808,0.684830)   8  17 449 609 637 690 804 838 993
 341 (0.723876,0.598016)   5  41 410 613 928 934
 342 (0.409448,0.325075)   7  10 38 415 465 511 532 665
 343 (0.968008,0.653696)   3  174 504 577
 344 (0.095378,0.144084)   4  14 311 337 908
 345 (0.864730,0.060421)   5  93 146 251 521 907
 346 (0.768623,0.254049)   6  25 170 208 347 818 830
 347 (0.738882,0.238579)   6  208 346 519 582 810 830
 348 (0.318658,0.114431)   8  91 126 389 452 563 644 860 942
 349 (0.938879,0.462758)   3  196 335 977
 350 (0.836595,0.728106)   3  76 233 953
 351 (0.439505,0.906887)   2  42 537
 352 (0.116454,0.931973)   4  3 595 635 721
 353 (0.872190,0.304235)   1  294
 354 (0.967308,0.885077)   5  468 523 645 656 874
 355 (0.186022,0.611073)   5  292 338 526 876 955
 356 (0.542814,0.285966)   5  166 219 239 424 777
 357 (0.999508,0.124900)   4  167 264 417 943
 358 (0.073831,0.379410)   3  64 320 904
 359 (0.014073,0.439013)   2  893 901
 360 (0.031787,0.190284)   5  74 88 113 273 598
 361 (0.311383,0.886263)   4  98 103 249 791
 362 (0.743248,0.999095)   3  310 369 411
 363 (0.075361,0.497405)   3  286 748 849
 364 (0.497336,0.286062)   4  71 218 219 815
 365 (0.285062,0.074869)   6  22 91 106 389 497 842
 366 (0.622305,0.571166)   5  207 244 548 793 868
 367 (0.665472,0.299134)   5  30 546 619 642 966
 368 (0.513881,0.654093)   5  161 213 463 788 881
 369 (0.761451,0.976855)   3  310 362 411
 370 (0.185397,0.257129)   6  172 331 737 839 883 979
 371 (0.653188,0.836812)   6  456 610 728 743 814 905
 372 (0.474260,0.682733)   7  63 161 177 454 636 788 881
 373 (0.543191,0.938250)   3  81 688 903
 374 (0.911680,0.096565)   5  117 521 540 684 907
 375 (0.253899,0.208663)   4  229 747 844 932
 376 (0.237384,0.425562)   7  62 116 180 225 300 574 983
 377 (0.750657,0.015350)   5  1 221 661 835 875
 378 (0.185518,0.422781)   4  7 83 225 677
 379 (0.682691,0.403845)   6  45 141 274 491 632 655
 380 (0.852162,0.659778)   8  190 226 477 542 749 852 912 999
 381 (0.105514,0.225883)   2  390 831
 382 (0.342095,0.763842)   3  47 678 926
 383 (0.756343,0.359413)   1  85
 384 (0.434546,0.579479)   3  94 289 695
 385 (0.189404,0.507000)   1  767
 386 (0.374763,0.620064)   4  289 741 807 850
 387 (0.002260,0.872095)   1  620
 388 (0.910846,0.226924)   5  75 413 622 871 992
 389 (0.279842,0.107774)   8  91 106 348 365 497 563 644 942
 390 (0.097978,0.252941)   3  131 381 831
 391 (0.990766,0.036185)   4  52 470 580 845
 392 (0.467187,0.532524)   2  752 997
 393 (0.832420,0.180170)   2  248 581
 394 (0.543185,0.841950)   7  27 328 458 565 703 910 975
 395 (0.152588,0.834680)   2  84 460
 396 (0.052265,0.454031)   5  151 169 397 786 901
 397 (0.068874,0.432430)   6  151 169 286 396 420 786
 398 (0.942454,0.150243)   5  117 152 167 417 535
 399 (0.706972,0.059640)   2  426 596
 400 (0.468615,0.409641)   6  87 253 480 583 709 914
 401 (0.682766,0.539392)   2  568 896
 402 (0.239810,0.011801)   2  276 711
 403 (0.251591,0.835354)   7  216 599 614 615 700 866 920
 404 (0.374072,0.292075)   6  38 193 321 339 511 968
 405 (0.465832,0.320465)   7  11 53 71 95 465 532 857
 406 (0.267785,0.316526)   6  496 509 560 587 790 965
 407 (0.442318,0.172804)   2  153 518
 408 (0.380105,0.736400)   6  627 637 659 683 838 926
 409 (0.726167,0.125084)   7  111 247 436 589 770 889 902
 410 (0.712196,0.619915)   6  41 341 443 514 928 934
 411 (0.748201,0.977757)   3  310 362 369
 412 (0.960438,0.086268)   5  52 82 264 461 470
 413 (0.911990,0.214033)   4  75 388 847 871
 414 (0.298222,0.228223)   4  57 229 508 761
 415 (0.402793,0.354307)   8  147 342 427 465 665 740 806 940
 416 (0.386837,0.678327)   6  449 637 659 701 741 838
 417 (0.964623,0.128960)   7  117 152 167 264 357 398 943
 418 (0.479391,0.099033)   5  105 124 288 618 691
 419 (0.298241,0.712825)   6  626 678 690 723 923 933
 420 (0.106718,0.439830)   4  169 286 397 585
 421 (0.185301,0.210231)  10  181 255 331 630 658 672 883 951 956 1000
 422 (0.926858,0.404940)   3  222 493 584
 423 (0.668053,0.588094)   5  207 548 794 868 928
 424 (0.564538,0.313695)   7  166 209 239 356 433 657 777
 425 (0.083266,0.632677)   5  39 171 295 316 503
 426 (0.717055,0.043929)   3  399 567 661
 427 (0.412729,0.381507)   3  415 806 940
 428 (0.345501,0.823772)   8  47 203 513 733 821 925 927 931
 429 (0.483759,0.598030)   6  94 164 459 695 732 799
 430 (0.591738,0.272359)   6  61 235 438 544 631 777
 431 (0.228712,0.151812)   7  114 255 301 333 447 551 591
 432 (0.186124,0.156276)   6  181 224 255 333 705 941
 433 (0.586054,0.311978)   7  209 424 438 631 657 763 777
 434 (0.784489,0.903179)   9  43 59 70 143 270 281 578 604 670
 435 (0.200206,0.998783)   1  499
 436 (0.693486,0.129990)   9  111 285 409 589 718 770 884 889 902
 437 (0.726951,0.683965)   6  34 104 230 304 510 779
 438 (0.596812,0.285224)   7  61 209 235 430 433 631 777
 439 (0.402349,0.955663)   2  537 851
 440 (0.835777,0.782936)   3  233 729 738
 441 (0.441500,0.988403)   3  15 315 851
 442 (0.267641,0.620266)   9  115 128 220 298 327 482 754 846 911
 443 (0.686115,0.641705)   5  410 514 694 928 934
 444 (0.987186,0.961127)   1  888
 445 (0.750256,0.413066)   6  97 466 547 663 671 947
 446 (0.325670,0.583998)   9  54 179 185 283 469 617 685 736 800
 447 (0.246351,0.152605)   5  114 333 431 551 591
 448 (0.368729,0.161447)   5  259 305 498 502 698
 449 (0.366934,0.687850)   8  340 416 609 637 659 701 741 838
 450 (0.141008,0.636371)   6  39 145 199 316 462 876
 451 (0.781714,0.053049)   5  221 835 875 948 962
 452 (0.329555,0.128194)   7  126 305 348 498 563 644 860
 453 (0.597497,0.531970)   6  244 245 271 768 793 929
 454 (0.466115,0.655225)   6  161 164 177 372 636 881
 455 (0.712192,0.843848)   6  197 456 610 647 725 946
 456 (0.684575,0.834845)   5  189 371 455 610 946
 457 (0.816673,0.079127)   4  146 251 476 962
 458 (0.531698,0.825584)   7  27 33 328 394 703 910 975
 459 (0.471215,0.598386)   5  94 164 429 695 799
 460 (0.132176,0.861253)   3  60 395 832
 461 (0.953778,0.068713)   4  52 82 412 470
 462 (0.130356,0.598291)   7  39 145 234 316 338 450 973
 463 (0.516479,0.665970)   7  161 163 213 231 368 633 788
 464 (0.912561,0.814932)   5  21 191 676 745 986
 465 (0.433136,0.333152)   7  11 95 342 405 415 505 532
 466 (0.745097,0.444259)   3  445 663 947
 467 (0.640516,0.904351)   3  51 787 905
 468 (0.931538,0.877273)   5  121 354 645 656 874
 469 (0.305512,0.594294)   7  54 220 283 327 446 617 800
 470 (0.973064,0.061895)   6  52 82 391 412 461 845
 471 (0.475564,0.821991)   3  27 204 559
 472 (0.260264,0.885624)   9  6 72 178 249 599 700 704 826 863
 473 (0.876826,0.908700)   4  490 813 890 891
 474 (0.155143,0.005361)   2  35 267
 475 (0.329883,0.517342)   2  179 257
 476 (0.813051,0.086681)   3  251 457 962
 477 (0.882633,0.635395)   5  190 226 380 852 912
 478 (0.111636,0.786114)   6  183 214 261 284 823 824
 479 (0.148575,0.358197)   6  56 241 713 771 784 829
 480 (0.457387,0.371900)   4  110 400 505 857
 481 (0.671739,0.025402)   4  68 527 567 596
 482 (0.266897,0.612529)   8  115 128 298 327 442 754 846 911
 483 (0.377260,0.001622)   3  194 278 870
 484 (0.542744,0.079948)   6  99 124 691 717 915 950
 485 (0.699210,0.259894)   3  269 546 810
 486 (0.637017,0.654379)   7  37 129 187 694 960 974 978
 487 (0.866062,0.847786)   6  21 330 490 648 772 986
 488 (0.618091,0.094404)   6  130 246 252 302 653 773
 489 (0.026279,0.537801)   0 
 490 (0.873187,0.884988)   6  121 473 487 772 813 890
 491 (0.706933,0.403539)   6  45 274 379 547 632 655
 492 (0.539423,0.415931)   4  29 592 621 936
 493 (0.964936,0.406144)   3  222 422 886
 494 (0.663433,0.176440)   7  8 123 265 673 718 780 887
 495 (0.070310,0.830998)   4  5 55 607 757
 496 (0.253929,0.281524)   6  406 509 570 624 790 965
 497 (0.270844,0.096589)   6  91 106 365 389 942 959
 498 (0.368798,0.127117)   5  126 305 448 452 502
 499 (0.166512,0.977777)   6  102 195 435 556 802 803
 500 (0.500128,0.908221)   1  250
 501 (0.543048,0.131447)   4  332 557 643 915
 502 (0.383921,0.163561)   5  259 305 448 498 698
 503 (0.084661,0.613358)   5  39 171 295 316 425
 504 (0.962445,0.637851)   2  343 577
 505 (0.445085,0.355504)   5  95 110 465 480 940
 506 (0.709948,0.331243)   2  303 710
 507 (0.764967,0.611597)   7  41 78 150 534 666 675 782
 508 (0.333282,0.210076)   2  57 414
 509 (0.239464,0.308015)   6  406 496 570 624 790 965
 510 (0.743044,0.717203)   7  34 104 304 437 543 553 779
 511 (0.373637,0.324125)   8  38 147 342 404 665 740 862 968
 512 (0.921374,0.705489)   3  174 765 825
 513 (0.355053,0.818722)   7  47 203 428 536 821 925 927
 514 (0.679629,0.631321)   6  410 443 694 794 928 934
 515 (0.036732,0.120021)   4  74 569 854 961
 516 (0.430319,0.012911)   1  735
 517 (0.841397,0.276196)   2  294 795
 518 (0.428036,0.173362)   1  407
 519 (0.730114,0.215034)   3  347 582 810
 520 (0.600321,0.349410)   6  200 209 593 763 856 879
 521 (0.878851,0.085167)   8  93 136 251 345 374 540 684 907
 522 (0.033756,0.279950)   3  162 296 668
 523 (0.980731,0.915583)   1  354
 524 (0.205188,0.464075)   6  116 225 300 574 767 805
 525 (0.292860,0.822129)   2  733 866
 526 (0.191779,0.633224)   6  292 329 355 876 921 955
 527 (0.637437,0.022974)   3  44 149 481
 528 (0.037163,0.792100)   4  5 19 154 214
 529 (0.982634,0.516288)   4  600 640 809 918
 530 (0.108141,0.070919)   3  49 731 801
 531 (0.072049,0.963365)   2  28 720
 532 (0.431871,0.313329)   6  10 11 95 342 405 465
 533 (0.534994,0.364910)   5  29 592 657 792 894
 534 (0.785494,0.623650)   7  78 150 287 507 675 782 980
 535 (0.946552,0.172432)   3  152 398 847
 536 (0.387884,0.822657)   4  203 513 616 925
 537 (0.415750,0.929186)   3  42 351 439
 538 (0.688720,0.496024)   9  138 201 313 555 568 727 744 769 967
 539 (0.893576,0.487799)   2  335 982
 540 (0.892552,0.120591)   5  132 374 521 699 907
 541 (0.809353,0.428571)   5  97 293 663 671 853
 542 (0.852709,0.678045)   6  76 190 226 380 912 999
 543 (0.744241,0.755905)   8  510 553 623 689 719 922 924 944
 544 (0.601002,0.240592)   6  2 61 235 430 715 820
 545 (0.500702,0.159991)   2  643 796
 546 (0.685092,0.289722)   5  367 485 619 642 966
 547 (0.736617,0.394279)   2  445 491
 548 (0.647790,0.577643)   6  207 366 423 793 794 868
 549 (0.410314,0.545970)   3  92 223 309
 550 (0.822850,0.500499)   6  293 312 662 680 751 898
 551 (0.255689,0.154555)   5  114 333 431 447 591
 552 (0.301875,0.423852)   3  180 983 996
 553 (0.741091,0.756391)   8  510 543 623 689 719 922 924 944
 554 (0.314546,0.986967)   2  135 712
 555 (0.713574,0.477708)   6  32 313 538 568 727 967
 556 (0.150670,0.962337)   7  86 102 195 499 721 802 938
 557 (0.564610,0.123888)   5  246 252 332 501 915
 558 (0.023677,0.973519)   2  28 280
 559 (0.462836,0.820298)   3  204 471 919
 560 (0.278443,0.325552)   3  322 406 587
 561 (0.397372,0.203927)   0 
 562 (0.576689,0.592989)   5  156 594 762 776 917
 563 (0.312519,0.110946)   8  91 126 348 389 452 644 860 942
 564 (0.681635,0.727359)   1  865
 565 (0.555326,0.877129)   6  192 318 394 703 759 975
 566 (0.234834,0.705312)   3  723 766 933
 567 (0.700878,0.018161)   3  426 481 596
 568 (0.697427,0.513277)   9  138 201 401 538 555 727 769 896 967
 569 (0.030865,0.098250)   3  515 854 961
 570 (0.222088,0.274116)   9  496 509 624 790 822 839 844 965 979
 571 (0.106266,0.343383)   7  56 241 771 784 829 904 952
 572 (0.209196,0.903723)   7  72 139 826 837 863 913 984
 573 (0.001475,0.661592)   1  184
 574 (0.220512,0.444030)   6  62 116 225 300 376 524
 575 (0.609035,0.702353)   6  37 79 118 129 187 669
 576 (0.679754,0.917939)   1  317
 577 (0.957307,0.639900)   2  343 504
 578 (0.800603,0.901842)   9  43 70 137 143 270 281 434 604 670
 579 (0.192055,0.063574)   1  133
 580 (0.983283,0.009799)   1  391
 581 (0.805565,0.193530)   3  24 170 393
 582 (0.725166,0.203795)   5  228 347 519 810 811
 583 (0.453830,0.414600)   5  50 87 253 400 989
 584 (0.895883,0.404920)   2  422 957
 585 (0.121734,0.411137)   3  83 420 904
 586 (0.054500,0.696486)   2  210 242
 587 (0.306762,0.313789)   5  73 406 560 778 998
 588 (0.474711,0.037783)   2  660 735
 589 (0.706286,0.112327)   9  111 247 285 409 436 770 884 889 902
 590 (0.507318,0.199877)   4  692 796 945 985
 591 (0.241578,0.160115)   5  114 333 431 447 551
 592 (0.526927,0.403201)   7  29 492 533 621 792 914 936
 593 (0.604796,0.363312)   4  200 520 763 879
 594 (0.571252,0.581427)   4  156 562 762 776
 595 (0.099688,0.911558)   5  3 352 635 721 909
 596 (0.677101,0.045963)   6  44 68 302 399 481 567
 597 (0.619210,0.805974)   6  36 175 319 743 775 789
 598 (0.023885,0.184419)   4  74 113 273 360
 599 (0.245839,0.860788)  10  6 72 216 403 472 614 700 704 866 920
 600 (0.966089,0.550812)   4  67 125 529 918
 601 (0.587621,0.850636)   3  175 192 775
 602 (0.224100,0.537341)   2  650 937
 603 (0.132238,0.687309)   2  188 199
 604 (0.762194,0.901201)   9  43 59 232 237 270 434 578 674 693
 605 (0.583304,0.751448)   3  272 758 958
 606 (0.493282,0.786078)   1  33
 607 (0.085620,0.829143)   5  5 55 284 495 757
 608 (0.612236,0.459371)   1  817
 609 (0.336890,0.673241)  10  17 307 314 340 449 637 690 804 897 993
 610 (0.679779,0.836336)   5  189 371 455 456 946
 611 (0.996712,0.469128)   2  31 640
 612 (0.360549,0.441973)   1  996
 613 (0.737537,0.580016)   4  150 341 666 878
 614 (0.220577,0.853831)   8  155 159 216 403 599 615 704 920
 615 (0.228051,0.823156)   8  155 159 216 403 614 785 866 920
 616 (0.409160,0.832812)   2  203 536
 617 (0.313203,0.564941)   9  54 179 185 283 446 469 685 736 800
 618 (0.496397,0.088939)   5  105 124 418 660 691
 619 (0.669148,0.309915)   5  30 367 546 642 966
 620 (0.034070,0.856946)   4  323 387 828 995
 621 (0.530912,0.406685)   5  29 492 592 792 936
 622 (0.889931,0.254646)   5  75 134 388 871 992
 623 (0.710778,0.758963)   3  543 553 689
 624 (0.229841,0.299091)   6  496 509 570 790 965 979
 625 (0.087459,0.023980)   3  258 267 976
 626 (0.323905,0.726238)   2  419 678
 627 (0.388030,0.756607)   5  408 664 683 926 954
 628 (0.333895,0.357975)   6  147 268 848 862 971 998
 629 (0.583185,0.918942)   2  872 906
 630 (0.163292,0.223826)   7  331 421 658 672 686 883 956
 631 (0.612621,0.293962)   7  61 209 430 433 438 763 777
 632 (0.677905,0.393133)   6  45 141 274 379 491 655
 633 (0.522918,0.700080)   6  163 231 463 788 816 988
 634 (0.317942,0.001810)   2  194 760
 635 (0.119372,0.910948)   4  60 352 595 721
 636 (0.456687,0.651837)   6  161 164 177 372 454 881
 637 (0.359785,0.702556)   7  340 408 416 449 609 659 838
 638 (0.829890,0.619979)   6  287 749 852 912 980 999
 639 (0.875664,0.972406)   1  202
 640 (0.996518,0.507795)   5  31 529 611 809 918
 641 (0.013113,0.398581)   1  990
 642 (0.672486,0.314461)   4  30 367 546 619
 643 (0.509606,0.132485)   4  332 501 545 691
 644 (0.309529,0.129173)   7  126 348 389 452 563 860 942
 645 (0.966298,0.869390)   4  354 468 656 874
 646 (0.835041,0.139419)   3  136 248 275
 647 (0.749153,0.841962)   6  197 237 455 693 725 726
 648 (0.841796,0.831559)   4  21 330 487 729
 649 (0.647215,0.762266)   4  36 789 861 865
 650 (0.240543,0.514282)   4  120 602 767 937
 651 (0.146020,0.156820)   7  224 311 658 705 908 941 956
 652 (0.894750,0.550072)   5  12 58 67 69 939
 653 (0.643456,0.112318)   3  130 488 884
 654 (0.026211,0.729791)   2  48 798
 655 (0.689491,0.392609)   5  45 274 379 491 632
 656 (0.954279,0.868007)   4  354 468 645 874
 657 (0.561350,0.336706)   6  209 424 433 533 777 894
 658 (0.154875,0.194822)   8  181 331 421 630 651 672 705 956
 659 (0.382290,0.707370)   6  408 416 449 637 683 838
 660 (0.493526,0.049625)   2  588 618
 661 (0.744894,0.025746)   6  1 221 377 426 835 875
 662 (0.819688,0.519737)   4  122 312 550 898
 663 (0.779416,0.434385)   6  97 445 466 541 671 947
 664 (0.418354,0.773967)   4  627 730 877 954
 665 (0.387744,0.340767)   7  147 342 415 511 740 862 940
 666 (0.771091,0.573229)   3  150 507 613
 667 (0.968789,0.770034)   3  325 676 994
 668 (0.048137,0.264618)   3  162 296 522
 669 (0.622854,0.713683)   5  37 79 118 129 575
 670 (0.795779,0.867825)   6  43 157 434 578 693 726
 671 (0.784354,0.402271)   5  97 445 541 663 947
 672 (0.148069,0.214134)   6  331 421 630 658 686 956
 673 (0.641792,0.172098)   8  8 123 254 265 494 697 780 887
 674 (0.743037,0.919160)   3  59 232 604
 675 (0.787363,0.610581)   6  150 287 507 534 782 980
 676 (0.942132,0.791174)   6  20 191 464 667 969 994
 677 (0.183778,0.410217)   3  7 83 378
 678 (0.324264,0.737911)   4  382 419 626 926
 679 (0.658999,0.968132)   0 
 680 (0.812488,0.472333)   4  293 550 751 898
 681 (0.952045,0.300790)   6  18 23 334 734 819 880
 682 (0.140231,0.555525)   3  234 724 973
 683 (0.391493,0.739408)   4  408 627 659 926
 684 (0.911371,0.082363)   3  374 521 907
 685 (0.346700,0.575271)   8  54 179 185 283 446 617 736 800
 686 (0.149625,0.235635)   5  172 331 630 672 722
 687 (0.820274,0.005698)   2  173 266
 688 (0.543403,0.962113)   4  81 373 864 903
 689 (0.707968,0.772319)   5  189 543 553 623 861
 690 (0.306489,0.683634)   7  17 307 314 340 419 609 993
 691 (0.517638,0.099462)   7  124 332 418 484 618 643 915
 692 (0.511726,0.217860)   3  590 945 985
 693 (0.765996,0.864338)   6  43 237 604 647 670 726
 694 (0.674733,0.661351)   6  443 486 514 753 960 974
 695 (0.453495,0.586270)   5  94 384 429 459 799
 696 (0.870037,0.218136)   5  75 112 134 750 992
 697 (0.623464,0.161464)   4  254 265 673 780
 698 (0.358589,0.176525)   4  259 305 448 502
 699 (0.901769,0.141103)   4  117 132 152 540
 700 (0.260926,0.870315)   9  6 72 249 403 472 599 704 866 920
 701 (0.394385,0.667766)   5  416 449 741 807 838
 702 (0.005441,0.935658)   4  28 280 755 827
 703 (0.531666,0.847881)   7  27 318 394 458 565 910 975
 704 (0.254036,0.875477)  11  6 72 249 472 599 614 700 826 863 866 920
 705 (0.153794,0.155130)   7  224 432 651 658 908 941 956
 706 (0.009345,0.612625)   3  867 873 916
 707 (0.052003,0.055563)   2  142 961
 708 (0.296233,0.270270)   3  73 761 778
 709 (0.482940,0.446388)   4  87 400 914 930
 710 (0.723329,0.301674)   2  303 506
 711 (0.205929,0.014606)   2  276 402
 712 (0.294269,0.977365)   2  135 554
 713 (0.177151,0.359722)   1  479
 714 (0.169737,0.303614)   5  172 737 742 781 979
 715 (0.589990,0.229154)   6  61 182 235 544 820 841
 716 (0.415286,0.465970)   4  50 101 297 989
 717 (0.573884,0.072930)   7  99 107 246 484 773 915 950
 718 (0.675542,0.138615)   4  265 436 494 884
 719 (0.767644,0.779813)   8  127 198 326 543 553 922 924 944
 720 (0.087537,0.969811)   3  531 721 938
 721 (0.115980,0.944795)   7  195 352 556 595 635 720 938
 722 (0.139535,0.257273)   5  131 172 331 686 737
 723 (0.273424,0.705971)   4  419 566 923 933
 724 (0.173949,0.554821)   3  140 682 973
 725 (0.723243,0.847308)   4  197 237 455 647
 726 (0.778901,0.849490)   5  157 237 647 670 693
 727 (0.693436,0.490887)   9  138 201 313 538 555 568 744 769 967
 728 (0.627121,0.866438)   4  371 743 814 905
 729 (0.819301,0.809417)   4  157 440 648 738
 730 (0.435681,0.766656)   3  664 877 954
 731 (0.123712,0.092725)   6  40 49 176 337 530 801
 732 (0.515388,0.609630)   2  164 429
 733 (0.321477,0.846955)   8  98 103 428 525 791 821 925 931
 734 (0.940034,0.294289)   5  18 23 165 681 819
 735 (0.459120,0.014914)   2  516 588
 736 (0.337841,0.567155)   8  54 179 185 283 446 617 685 800
 737 (0.160727,0.278421)   7  172 370 714 722 781 839 979
 738 (0.824330,0.773522)   4  233 440 729 953
 739 (0.333811,0.284439)   4  73 193 778 968
 740 (0.371147,0.339718)   7  147 415 511 665 862 971 998
 741 (0.383152,0.655289)   6  386 416 449 701 804 807
 742 (0.131393,0.311180)   7  56 131 714 771 781 784 829
 743 (0.634007,0.842272)   5  371 597 728 814 905
 744 (0.670203,0.469234)   6  138 201 313 538 727 967
 745 (0.878335,0.794734)   3  21 464 986
 746 (0.120693,0.494533)   4  4 212 840 849
 747 (0.242756,0.212147)   6  375 822 844 932 951 1000
 748 (0.079172,0.491840)   4  169 286 363 849
 749 (0.834250,0.625908)   7  287 380 638 852 912 980 999
 750 (0.867436,0.210565)   5  75 112 134 696 992
 751 (0.803020,0.468257)   5  277 293 550 680 898
 752 (0.468180,0.537638)   1  392
 753 (0.679800,0.681356)   1  694
 754 (0.262991,0.588874)   7  128 298 327 442 482 846 911
 755 (0.032171,0.922556)   4  28 280 702 827
 756 (0.893503,0.342163)   5  165 279 834 843 981
 757 (0.080713,0.866422)   4  323 495 607 995
 758 (0.548465,0.760939)   3  272 605 958
 759 (0.552729,0.883734)   5  192 318 565 906 975
 760 (0.334679,0.016645)   4  194 308 634 870
 761 (0.298577,0.232528)   4  57 229 414 708
 762 (0.565089,0.597670)   6  156 562 594 776 885 917
 763 (0.605519,0.330748)   9  200 209 433 520 593 631 777 856 879
 764 (0.155084,0.458592)   2  4 805
 765 (0.939833,0.686232)   4  174 512 825 895
 766 (0.197170,0.703549)   2  566 991
 767 (0.219530,0.492562)   3  385 524 650
 768 (0.569966,0.531849)   4  245 271 453 929
 769 (0.720194,0.518107)   5  336 538 568 727 878
 770 (0.725090,0.135055)  10  111 215 228 247 409 436 589 811 889 902
 771 (0.129519,0.325713)   6  56 479 571 742 784 829
 772 (0.848856,0.880174)   4  137 487 490 890
 773 (0.593647,0.069351)   6  46 99 246 488 717 950
 774 (0.011945,0.046025)   2  142 833
 775 (0.583723,0.813177)   5  175 319 328 597 601
 776 (0.561913,0.581911)   4  156 562 594 762
 777 (0.577874,0.303918)  10  209 239 356 424 430 433 438 631 657 763
 778 (0.331284,0.287003)   6  73 193 587 708 739 968
 779 (0.716965,0.707393)   5  34 104 304 437 510
 780 (0.629630,0.180140)   8  8 123 254 265 494 673 697 887
 781 (0.167178,0.310612)   4  714 737 742 979
 782 (0.776744,0.641575)   4  78 507 534 675
 783 (0.226165,0.750901)   3  77 160 855
 784 (0.123789,0.338657)   8  56 241 479 571 742 771 829 952
 785 (0.223486,0.804040)   4  155 216 615 855
 786 (0.054819,0.455073)   6  151 169 286 396 397 901
 787 (0.625660,0.940451)   3  51 467 872
 788 (0.511432,0.684449)  10  161 163 213 231 368 372 463 633 816 988
 789 (0.635213,0.792838)   4  36 597 649 861
 790 (0.251063,0.288177)   6  406 496 509 570 624 965
 791 (0.326024,0.861378)   8  98 103 249 361 733 821 925 931
 792 (0.543739,0.374853)   5  29 533 592 621 894
 793 (0.626834,0.549510)   6  207 244 366 453 548 868
 794 (0.665418,0.598558)   5  423 514 548 868 928
 795 (0.829926,0.252494)   3  25 134 517
 796 (0.489961,0.176850)   2  545 590
 797 (0.283007,0.465139)   2  62 120
 798 (0.045332,0.741025)   5  19 48 154 654 808
 799 (0.465027,0.609031)   6  94 164 429 459 695 881
 800 (0.326518,0.589072)   9  54 185 220 283 446 469 617 685 736
 801 (0.115877,0.091861)   5  49 176 337 530 731
 802 (0.158541,0.991936)   3  195 499 556
 803 (0.187629,0.945803)   7  9 86 102 139 499 913 984
 804 (0.344355,0.648502)   7  17 307 340 609 741 897 993
 805 (0.168786,0.470636)   3  4 524 764
 806 (0.410942,0.389688)   5  101 253 415 427 940
 807 (0.389527,0.633813)   5  289 386 701 741 850
 808 (0.079667,0.737460)   1  798
 809 (0.978759,0.505405)   3  31 529 640
 810 (0.725674,0.238208)   5  347 485 519 582 830
 811 (0.729396,0.166389)   6  111 215 228 582 770 889
 812 (0.451208,0.070029)   1  288
 813 (0.886710,0.898182)   4  121 473 490 891
 814 (0.637025,0.862150)   4  371 728 743 905
 815 (0.459717,0.276238)   4  11 186 218 364
 816 (0.531995,0.716692)   6  163 231 633 788 958 988
 817 (0.599610,0.438476)   1  608
 818 (0.781642,0.257669)   5  25 170 208 346 830
 819 (0.954900,0.329006)   6  18 23 165 681 734 880
 820 (0.604865,0.232850)   5  2 61 235 544 715
 821 (0.327698,0.841611)   8  98 428 513 733 791 925 927 931
 822 (0.227188,0.241890)   6  570 747 839 844 883 951
 823 (0.095000,0.787414)   8  5 55 183 214 261 284 478 824
 824 (0.117848,0.759183)   4  183 261 478 823
 825 (0.958582,0.694611)   5  26 174 512 765 869
 826 (0.225891,0.899490)   8  6 72 472 572 704 837 863 913
 827 (0.016851,0.913482)   4  28 280 702 755
 828 (0.023617,0.830756)   1  620
 829 (0.132341,0.344549)   7  56 241 479 571 742 771 784
 830 (0.755093,0.250805)   5  208 346 347 810 818
 831 (0.072646,0.227341)   4  88 113 381 390
 832 (0.131963,0.872941)   2  60 460
 833 (0.009988,0.031228)   2  142 774
 834 (0.921952,0.357854)   6  18 165 222 279 756 981
 835 (0.772432,0.026839)   6  1 221 377 451 661 875
 836 (0.944710,0.945569)   3  202 859 882
 837 (0.188609,0.904772)   4  572 826 913 984
 838 (0.371387,0.699803)   7  340 408 416 449 637 659 701
 839 (0.196374,0.261255)   6  370 570 737 822 883 979
 840 (0.132113,0.503350)   4  4 212 746 849
 841 (0.572744,0.206361)   6  182 240 262 715 900 970
 842 (0.292483,0.054065)   6  22 91 106 308 365 858
 843 (0.861204,0.345176)   4  158 263 756 981
 844 (0.233200,0.237192)   6  375 570 747 822 932 951
 845 (0.999634,0.049813)   3  52 391 470
 846 (0.249948,0.604587)   7  128 298 327 442 482 754 911
 847 (0.936995,0.196008)   2  413 535
 848 (0.311068,0.382061)   2  268 628
 849 (0.107938,0.509739)   5  212 363 746 748 840
 850 (0.402370,0.603551)   3  289 386 807
 851 (0.436126,0.969142)   3  15 439 441
 852 (0.854915,0.635570)   8  190 226 380 477 638 749 912 999
 853 (0.840743,0.435760)   2  541 957
 854 (0.018955,0.104862)   3  515 569 961
 855 (0.240157,0.777738)   3  160 783 785
 856 (0.631768,0.330024)   6  30 200 209 520 763 879
 857 (0.486923,0.348095)   5  53 95 110 405 480
 858 (0.287478,0.034138)   3  22 308 842
 859 (0.933574,0.923049)   3  836 882 891
 860 (0.317237,0.142392)   6  126 305 348 452 563 644
 861 (0.669707,0.774318)   5  36 189 649 689 789
 862 (0.358809,0.336192)   7  147 511 628 665 740 971 998
 863 (0.247255,0.909864)   7  6 72 178 472 572 704 826
 864 (0.552056,0.990578)   1  688
 865 (0.666215,0.734178)   2  564 649
 866 (0.257959,0.839534)   8  216 403 525 599 615 700 704 920
 867 (0.024715,0.599790)   3  706 873 916
 868 (0.657227,0.575196)   6  207 366 423 548 793 794
 869 (0.981926,0.694423)   2  26 825
 870 (0.374108,0.016037)   5  90 194 278 483 760
 871 (0.911387,0.229181)   5  75 388 413 622 992
 872 (0.604287,0.926164)   4  51 629 787 906
 873 (0.006614,0.577603)   3  706 867 916
 874 (0.963359,0.862246)   4  354 468 645 656
 875 (0.765698,0.031330)   6  1 221 377 451 661 835
 876 (0.177393,0.620586)   8  145 292 338 355 450 526 921 955
 877 (0.437442,0.747624)   4  227 664 730 954
 878 (0.725753,0.551500)   3  336 613 769
 879 (0.636623,0.348830)   6  30 200 520 593 763 856
 880 (0.976805,0.330040)   3  23 681 819
 881 (0.477664,0.643238)   8  161 164 177 368 372 454 636 799
 882 (0.926432,0.940164)   4  202 836 859 891
 883 (0.192287,0.243362)   7  331 370 421 630 822 839 951
 884 (0.674568,0.103825)   6  130 285 436 589 653 718
 885 (0.560751,0.629729)   4  156 260 762 917
 886 (0.990986,0.400321)   1  493
 887 (0.655325,0.197374)   6  8 123 206 494 673 780
 888 (0.978559,0.967791)   1  444
 889 (0.730361,0.132989)  10  111 215 228 247 409 436 589 770 811 902
 890 (0.840612,0.904991)   5  70 137 473 490 772
 891 (0.907955,0.922648)   4  473 813 859 882
 892 (0.376351,0.515179)   2  223 297
 893 (0.008816,0.468705)   2  359 901
 894 (0.552376,0.367337)   4  29 533 657 792
 895 (0.915500,0.664141)   2  174 765
 896 (0.666079,0.530935)   5  138 207 244 401 568
 897 (0.335127,0.645861)   8  17 115 220 307 314 609 804 993
 898 (0.797131,0.506691)   6  13 277 550 662 680 751
 899 (0.435926,0.243082)   2  186 963
 900 (0.568508,0.173481)   4  240 262 841 970
 901 (0.021870,0.444742)   4  359 396 786 893
 902 (0.711787,0.120885)   8  111 247 285 409 436 589 770 889
 903 (0.540818,0.937370)   3  81 373 688
 904 (0.108883,0.377866)   5  64 241 358 571 585
 905 (0.651820,0.875945)   7  51 371 467 728 743 814 946
 906 (0.583231,0.906014)   4  192 629 759 872
 907 (0.884557,0.087746)   7  93 136 345 374 521 540 684
 908 (0.119027,0.151740)   6  14 176 311 344 651 705
 909 (0.079495,0.906428)   3  3 595 995
 910 (0.532488,0.830814)   6  27 328 394 458 703 975
 911 (0.272624,0.620313)   8  115 128 220 327 442 482 754 846
 912 (0.843798,0.641371)  11  119 190 226 380 477 542 638 749 852 980 999
 913 (0.208680,0.924444)   8  9 139 572 803 826 837 949 984
 914 (0.496258,0.427029)   5  87 400 592 709 936
 915 (0.547385,0.093238)   7  99 246 484 501 557 691 717
 916 (0.012190,0.615285)   3  706 867 873
 917 (0.578769,0.626880)   5  156 260 562 762 885
 918 (0.999665,0.544678)   3  529 600 640
 919 (0.446099,0.851393)   3  204 236 559
 920 (0.247193,0.843463)   8  216 403 599 614 615 700 704 866
 921 (0.186048,0.654779)   4  329 526 876 955
 922 (0.775837,0.743451)   7  65 127 243 291 543 553 719
 923 (0.270492,0.733433)   4  160 419 723 933
 924 (0.748017,0.788027)   7  127 198 326 543 553 719 944
 925 (0.358736,0.849261)   9  144 203 428 513 536 733 791 821 931
 926 (0.360313,0.747682)   5  382 408 627 678 683
 927 (0.332705,0.804835)   4  47 428 513 821
 928 (0.700654,0.607506)   8  41 341 410 423 443 514 794 934
 929 (0.591145,0.518753)   4  245 271 453 768
 930 (0.459614,0.476491)   3  709 989 997
 931 (0.350957,0.861638)   8  98 103 144 428 733 791 821 925
 932 (0.252186,0.207631)   4  229 375 747 844
 933 (0.264519,0.709692)   4  419 566 723 923
 934 (0.710898,0.612499)   6  41 341 410 443 514 928
 935 (0.955313,0.597224)   1  125
 936 (0.514527,0.411552)   5  29 492 592 621 914
 937 (0.220005,0.546459)   2  602 650
 938 (0.115977,0.974142)   4  195 556 720 721
 939 (0.888044,0.570961)   3  12 58 652
 940 (0.408096,0.368164)   5  415 427 505 665 806
 941 (0.181773,0.152562)   5  224 255 432 651 705
 942 (0.280654,0.118995)   7  91 106 348 389 497 563 644
 943 (0.980663,0.137086)   4  167 264 357 417
 944 (0.749786,0.795181)   7  127 198 326 543 553 719 924
 945 (0.530547,0.200667)   5  182 240 590 692 970
 946 (0.683545,0.865763)   5  317 455 456 610 905
 947 (0.769323,0.418591)   5  97 445 466 663 671
 948 (0.771629,0.091641)   2  247 451
 949 (0.233927,0.951096)   5  9 139 211 913 984
 950 (0.571153,0.052282)   7  46 99 107 148 484 717 773
 951 (0.210636,0.214589)   8  181 255 421 747 822 844 883 1000
 952 (0.088182,0.320939)   4  56 162 571 784
 953 (0.847463,0.741183)   4  76 233 350 738
 954 (0.415257,0.771727)   4  627 664 730 877
 955 (0.186702,0.616786)   7  145 292 338 355 526 876 921
 956 (0.159773,0.186885)   8  181 224 421 630 651 658 672 705
 957 (0.863368,0.420629)   2  584 853
 958 (0.567882,0.730927)   3  605 758 816
 959 (0.239168,0.074004)   1  497
 960 (0.635218,0.656064)   8  37 118 129 187 486 694 974 978
 961 (0.051866,0.086631)   4  515 569 707 854
 962 (0.815186,0.050475)   6  146 251 266 451 457 476
 963 (0.427791,0.238568)   2  186 899
 964 (0.703417,0.974960)   0 
 965 (0.237360,0.291159)   6  406 496 509 570 624 790
 966 (0.659197,0.271299)   5  2 206 367 546 619
 967 (0.705886,0.476528)   8  32 201 313 538 555 568 727 744
 968 (0.365163,0.294415)   8  38 193 321 339 404 511 739 778
 969 (0.927363,0.757752)   4  16 191 676 994
 970 (0.563159,0.180349)   6  182 240 262 841 900 945
 971 (0.344891,0.355154)   6  147 268 628 740 862 998
 972 (0.996320,0.266576)   1  334
 973 (0.155309,0.582251)   6  140 234 338 462 682 724
 974 (0.646313,0.655517)   5  37 187 486 694 960
 975 (0.537876,0.861195)   8  27 318 394 458 565 703 759 910
 976 (0.058779,0.011476)   3  80 258 625
 977 (0.949933,0.465239)   3  196 335 349
 978 (0.618947,0.621938)   2  486 960
 979 (0.191825,0.294823)   7  370 570 624 714 737 781 839
 980 (0.820393,0.615267)   6  287 534 638 675 749 912
 981 (0.888514,0.347134)   5  165 279 756 834 843
 982 (0.877074,0.466706)   1  539
 983 (0.270785,0.426390)   5  62 180 324 376 552
 984 (0.208329,0.935853)   8  9 102 139 572 803 837 913 949
 985 (0.478182,0.220717)   4  153 238 590 692
 986 (0.891629,0.827277)   5  21 330 464 487 745
 987 (0.557791,0.670007)   4  163 231 260 282
 988 (0.515540,0.712021)   6  100 163 231 633 788 816
 989 (0.442544,0.446306)   7  50 87 101 253 583 716 930
 990 (0.017141,0.392615)   2  320 641
 991 (0.178727,0.713329)   1  766
 992 (0.872695,0.225470)   8  75 112 134 388 622 696 750 871
 993 (0.328468,0.656909)   9  17 115 307 314 340 609 690 804 897
 994 (0.934046,0.764324)   5  16 191 667 676 969
 995 (0.052747,0.886259)   4  323 620 757 909
 996 (0.326916,0.449587)   2  552 612
 997 (0.476345,0.495291)   2  392 930
 998 (0.332564,0.344057)   6  147 587 628 740 862 971
 999 (0.842201,0.655073)   9  119 190 226 380 542 638 749 852 912
1000 (0.208620,0.205260)   5  181 255 421 747 951
