   1 (0.897831,0.339481)  10  77 85 133 141 179 298 527 529 694 857
   2 (0.250411,0.165584)  16  201 235 303 308 356 363 393 497 551 626 722 748 765 841 899 975
   3 (0.697179,0.536352)  16  145 146 217 271 338 473 514 562 727 774 776 780 848 891 927 974
   4 (0.482817,0.269542)   9  316 444 455 471 738 818 925 976 983
   5 (0.890872,0.242475)   8  15 85 197 488 492 649 844 979
   6 (0.667695,0.946490)  14  28 55 84 106 110 113 134 330 616 639 833 909 917 950
   7 (0.121417,0.142453)   7  30 33 87 165 169 420 510
   8 (0.612146,0.334510)  10  102 168 175 231 523 701 779 901 940 987
   9 (0.509319,0.019248)   9  16 187 415 525 642 696 712 935 954
  10 (0.481933,0.862557)   9  149 245 511 537 735 754 808 839 996
  11 (0.500094,0.206498)  16  14 73 100 182 282 395 474 518 792 805 818 866 884 925 955 983
  12 (0.555600,0.964751)  15  72 97 176 259 310 376 406 581 630 716 758 761 797 890 930
  13 (0.132099,0.390966)  12  37 185 214 399 407 549 651 679 730 736 914 946
  14 (0.448973,0.223295)  12  11 182 282 395 444 455 818 906 925 976 983 985
  15 (0.911241,0.253516)  10  5 85 197 208 387 488 492 796 844 979
  16 (0.533418,0.061119)   7  9 263 525 534 642 712 935
  17 (0.557805,0.420560)  12  111 417 424 483 544 565 647 701 886 923 969 990
  18 (0.272765,0.015351)   6  144 189 369 485 769 999
  19 (0.923676,0.057899)  10  80 294 309 580 834 862 878 889 892 998
  20 (0.627058,0.828364)   8  230 414 503 563 806 832 872 883
  21 (0.980102,0.055775)   9  27 294 423 580 834 862 892 903 998
  22 (0.448864,0.076030)  10  117 139 333 415 525 674 696 712 840 874
  23 (0.051659,0.891343)   8  223 305 315 439 479 673 707 986
  24 (0.309291,0.982282)  12  42 70 79 93 121 138 174 207 391 400 600 932
  25 (0.137149,0.609464)   8  69 82 196 279 502 599 831 964
  26 (0.311903,0.582055)   8  52 362 443 629 709 764 871 997
  27 (0.997634,0.060825)   8  21 423 580 834 862 892 903 998
  28 (0.667362,0.938961)  13  6 84 110 113 134 330 616 639 773 833 909 917 950
  29 (0.410420,0.977736)  12  63 93 150 174 246 326 459 542 568 623 784 961
  30 (0.116599,0.116227)   6  7 33 234 352 510 543
  31 (0.014991,0.462079)   5  44 536 875 939 962
  32 (0.869079,0.425890)   8  266 268 349 554 745 812 842 900
  33 (0.098509,0.152140)  11  7 30 34 87 114 165 169 171 255 570 749
  34 (0.071543,0.180982)  15  33 114 165 169 171 216 255 368 465 495 570 575 728 749 794
  35 (0.007946,0.096143)   8  147 216 242 255 499 520 646 876
  36 (0.212965,0.738905)  12  103 337 360 372 481 593 636 706 740 882 948 973
  37 (0.119942,0.418366)   8  13 185 407 480 549 736 914 946
  38 (0.073879,0.329565)  10  156 397 490 507 541 567 651 822 843 846
  39 (0.855132,0.134933)   9  180 186 194 579 768 801 889 952 993
  40 (0.880444,0.942958)  11  60 135 204 212 253 382 413 430 618 686 703
  41 (0.755455,0.953641)   4  170 339 367 888
  42 (0.287074,0.951987)  10  24 70 79 119 121 138 265 391 400 600
  43 (0.123939,0.763401)  12  157 221 275 296 357 359 422 486 708 740 835 882
  44 (0.049784,0.500039)  10  31 91 163 384 536 635 783 814 827 875
  45 (0.690892,0.243882)  13  66 98 172 302 419 560 664 672 791 799 937 942 991
  46 (0.181766,0.123664)   6  205 438 462 510 582 659
  47 (0.829603,0.546024)  10  122 288 348 371 467 655 729 752 850 989
  48 (0.378815,0.062211)   6  117 131 139 433 540 772
  49 (0.066621,0.585058)   4  196 504 635 689
  50 (0.499665,0.665889)   7  92 220 241 327 437 643 705
  51 (0.014198,0.190561)   7  171 465 495 570 575 625 913
  52 (0.348459,0.549450)  10  26 354 443 450 547 764 817 858 926 997
  53 (0.165927,0.705090)  11  103 422 481 486 593 609 636 665 713 852 882
  54 (0.434443,0.530225)   9  289 440 482 521 596 687 742 793 988
  55 (0.673113,0.995531)   4  6 84 106 330
  56 (0.251114,0.813258)  10  278 372 408 434 509 624 706 756 766 907
  57 (0.592436,0.739735)  11  58 222 390 414 503 522 631 934 956 959 971
  58 (0.580589,0.750780)   9  57 222 390 414 503 631 934 959 971
  59 (0.479146,0.606634)   5  99 241 482 545 898
  60 (0.930296,0.929048)  10  40 135 258 345 350 382 409 618 693 823
  61 (0.300230,0.645074)  10  67 177 247 362 446 524 533 610 629 709
  62 (0.311724,0.364738)  12  130 159 166 236 487 637 695 710 820 854 873 941
  63 (0.459273,0.973343)  12  29 120 150 310 326 459 568 623 761 784 928 961
  64 (0.640604,0.562838)  10  271 421 425 619 727 774 780 821 927 974
  65 (0.177996,0.051709)   7  96 307 352 573 622 669 921
  66 (0.713078,0.221193)  14  45 98 172 419 429 560 664 777 791 799 802 942 957 991
  67 (0.313618,0.657142)  12  61 226 247 283 362 446 524 533 576 610 629 871
  68 (0.658342,0.643373)   7  297 343 392 590 663 847 970
  69 (0.150241,0.613847)  10  25 82 279 502 599 713 733 831 867 964
  70 (0.302215,0.970066)  12  24 42 79 119 121 138 174 207 391 400 600 932
  71 (0.008111,0.609513)   2  504 689
  72 (0.587190,0.942819)  15  12 132 134 176 259 335 376 406 581 616 630 677 716 797 930
  73 (0.532904,0.186107)  16  11 100 182 358 395 474 512 518 691 792 805 818 866 884 955 978
  74 (0.661222,0.300268)  10  302 419 523 560 614 672 868 902 940 991
  75 (0.164012,0.846521)  12  109 210 270 275 329 344 386 454 612 638 766 845
  76 (0.843249,0.319564)  14  141 179 198 244 365 388 472 529 585 601 697 755 825 947
  77 (0.943641,0.314253)  15  1 85 129 133 208 298 387 527 529 694 746 796 857 938 979
  78 (0.460369,0.145464)   7  282 333 474 517 674 717 985
  79 (0.289630,0.951752)  10  24 42 70 119 121 138 265 391 400 600
  80 (0.923766,0.047559)  11  19 294 309 546 580 834 862 878 889 892 998
  81 (0.088283,0.822533)   6  210 223 456 811 845 865
  82 (0.137859,0.584988)   9  25 69 196 239 279 502 584 599 964
  83 (0.347827,0.252296)   7  108 379 720 734 807 933 953
  84 (0.669055,0.981108)   9  6 28 55 106 113 330 616 833 917
  85 (0.904552,0.291468)  15  1 5 15 77 133 141 179 197 208 387 492 527 529 796 979
  86 (0.566549,0.129423)   5  252 691 866 955 978
  87 (0.126572,0.194182)  16  7 33 89 114 123 165 183 320 341 368 420 438 582 606 711 728
  88 (0.243220,0.490315)   8  250 412 458 484 531 608 762 887
  89 (0.176982,0.214855)  13  87 123 183 420 438 462 582 606 626 659 681 711 918
  90 (0.016715,0.381079)   5  261 299 490 822 962
  91 (0.075303,0.524808)   9  44 163 384 536 569 635 688 783 827
  92 (0.467151,0.685770)   6  50 327 437 588 643 705
  93 (0.362188,0.979855)   7  24 29 121 174 207 542 932
  94 (0.816276,0.033700)   7  211 213 493 607 621 881 885
  95 (0.815193,0.488760)   8  349 371 401 467 668 752 816 900
  96 (0.174036,0.059496)   8  65 307 352 543 573 622 669 921
  97 (0.524015,0.992175)   8  12 310 406 716 758 761 890 928
  98 (0.703615,0.190751)  10  45 66 172 215 429 595 664 777 942 957
  99 (0.440575,0.599317)   8  59 142 377 482 545 613 753 898
 100 (0.516983,0.170766)  15  11 73 182 282 395 474 518 691 792 805 818 866 884 955 978
 101 (0.876521,0.802763)   3  243 304 410
 102 (0.579172,0.333259)  10  8 168 175 427 464 483 701 781 969 987
 103 (0.204466,0.691714)  14  36 53 177 337 360 481 574 609 636 665 713 852 948 973
 104 (0.291523,0.753208)   6  283 337 466 509 756 945
 105 (0.392755,0.728481)   8  162 347 375 431 685 836 877 922
 106 (0.683888,0.995138)   4  6 55 84 330
 107 (0.943960,0.833330)   3  243 460 508
 108 (0.327798,0.200871)  10  83 190 235 393 497 572 722 734 748 933
 109 (0.165904,0.820480)  13  75 221 270 275 329 344 386 454 592 612 638 740 845
 110 (0.636093,0.906970)  16  6 28 113 132 134 176 376 616 630 639 677 773 806 833 917 930
 111 (0.534130,0.370371)   9  17 178 483 544 552 647 692 969 987
 112 (0.512194,0.927616)  11  120 259 310 335 538 758 761 839 890 980 996
 113 (0.660179,0.926885)  13  6 28 84 110 134 330 616 639 773 833 909 917 950
 114 (0.098852,0.196082)  15  33 34 87 165 169 171 341 368 420 465 570 615 728 749 794
 115 (0.922754,0.604138)  10  202 224 237 385 500 530 589 721 726 813
 116 (0.760215,0.426650)  12  154 313 370 378 401 554 557 578 690 790 869 995
 117 (0.396953,0.088659)  12  22 48 131 139 311 333 517 540 620 674 772 874
 118 (0.424618,0.396308)   7  164 248 325 451 699 838 895
 119 (0.333620,0.931083)  11  42 70 79 174 229 273 542 600 732 849 932
 120 (0.459029,0.936812)  14  63 112 149 150 245 246 326 459 538 568 623 761 784 961
 121 (0.323925,0.993798)   9  24 42 70 79 93 138 174 207 932
 122 (0.857967,0.557881)  15  47 202 286 288 348 371 500 530 655 721 726 729 752 813 989
 123 (0.132894,0.246679)  11  87 89 183 320 341 368 397 606 615 681 728
 124 (0.597936,0.618182)   7  220 297 425 590 663 684 803
 125 (0.984531,0.529847)   7  158 219 269 328 364 366 589
 126 (0.335338,0.022555)   3  155 321 999
 127 (0.014491,0.318151)   5  507 567 822 843 896
 128 (0.460930,0.794367)  10  267 477 526 561 571 604 754 767 808 994
 129 (0.959367,0.338415)   8  77 133 298 527 694 746 760 938
 130 (0.311949,0.318898)  12  62 236 290 461 487 548 637 676 720 782 854 958
 131 (0.352248,0.092262)  10  48 117 139 284 300 398 436 540 620 772
 132 (0.585094,0.909885)  15  72 110 134 176 259 335 376 630 632 670 677 797 859 883 930
 133 (0.937080,0.336779)  12  1 77 85 129 298 387 527 529 694 760 857 938
 134 (0.622109,0.920432)  19  6 28 72 110 113 132 176 376 581 616 630 639 677 773 797 806 833 917 930
 135 (0.932440,0.951571)  11  40 60 258 350 382 409 435 618 693 823 912
 136 (0.654929,0.083039)   7  184 256 404 469 680 751 949
 137 (0.714799,0.891808)   4  501 909 929 950
 138 (0.289986,0.966878)   9  24 42 70 79 121 265 391 400 600
 139 (0.401937,0.067047)   9  22 48 117 131 433 540 674 840 874
 140 (0.984069,0.875080)   4  350 508 757 823
 141 (0.876764,0.339016)  14  1 76 85 179 244 298 365 472 527 529 585 601 697 857
 142 (0.403826,0.606178)  12  99 377 450 482 496 521 545 613 719 753 871 926
 143 (0.795512,0.809204)  16  199 227 249 304 306 336 410 445 704 718 724 739 785 795 824 837
 144 (0.290587,0.058755)   9  18 155 189 193 369 398 485 682 999
 145 (0.689217,0.510311)  12  3 217 271 338 351 473 498 562 776 780 891 927
 146 (0.701011,0.580573)  10  3 232 583 597 727 774 786 848 927 970
 147 (0.025633,0.091154)   9  35 216 242 255 342 499 520 646 876
 148 (0.577358,0.685081)  12  206 222 272 631 663 759 803 911 934 956 959 971
 149 (0.455653,0.902397)  13  10 120 245 326 447 511 537 538 623 731 735 839 996
 150 (0.430170,0.981184)  10  29 63 120 246 326 459 568 623 784 961
 151 (0.291259,0.251166)  13  190 203 235 290 356 393 461 551 676 720 722 734 815
 152 (0.711601,0.720757)   8  188 291 448 513 671 750 829 879
 153 (0.039939,0.980476)   2  318 594
 154 (0.761477,0.412612)  11  116 313 370 378 401 554 557 578 690 869 995
 155 (0.301330,0.065573)  10  126 144 189 193 369 398 436 682 772 999
 156 (0.071630,0.338835)   8  38 490 507 541 567 651 822 843
 157 (0.097693,0.756984)  10  43 221 296 357 359 422 640 657 708 835
 158 (0.967969,0.501800)   5  125 219 269 324 855
 159 (0.320020,0.388951)  11  62 166 236 432 695 702 710 820 873 941 984
 160 (0.008149,0.679570)   3  476 553 804
 161 (0.222557,0.359959)  11  295 312 381 667 763 788 800 854 861 915 966
 162 (0.369427,0.769626)   4  105 375 685 945
 163 (0.092182,0.523888)   8  44 91 384 569 635 688 783 827
 164 (0.425532,0.441057)  12  118 233 248 325 440 451 666 699 787 793 838 944
 165 (0.108462,0.189874)  14  7 33 34 87 114 169 171 183 341 368 420 570 728 749
 166 (0.280871,0.393501)  11  62 159 236 323 432 608 667 695 710 873 941
 167 (0.942857,0.428482)  10  191 266 301 324 528 745 760 812 851 855
 168 (0.578826,0.289021)   9  8 102 175 181 427 464 523 781 908
 169 (0.073071,0.165415)  14  7 33 34 114 165 171 216 255 495 570 575 646 728 749
 170 (0.788441,0.948253)   5  41 339 367 686 888
 171 (0.058647,0.165253)  15  33 34 51 114 165 169 216 255 465 495 570 575 646 749 913
 172 (0.689302,0.213972)  13  45 66 98 419 429 560 595 664 777 791 942 957 991
 173 (0.389310,0.167109)   5  300 311 517 572 810
 174 (0.355127,0.970174)   9  24 29 70 93 119 121 207 542 932
 175 (0.607473,0.332167)  11  8 102 168 231 427 523 701 779 901 940 987
 176 (0.595591,0.933953)  17  12 72 110 132 134 259 335 376 406 581 616 630 677 716 797 833 930
 177 (0.259195,0.680544)  12  61 103 247 283 337 360 446 524 533 574 852 973
 178 (0.497582,0.384031)  10  111 248 396 544 552 647 692 895 897 990
 179 (0.882206,0.317842)  15  1 76 85 141 197 298 387 388 492 527 529 601 697 857 979
 180 (0.845797,0.186884)  10  39 194 374 453 649 715 768 801 863 993
 181 (0.598004,0.271516)   7  168 285 427 523 781 908 940
 182 (0.484951,0.200924)  16  11 14 73 100 282 395 444 474 518 792 805 818 884 925 983 985
 183 (0.157058,0.205477)  14  87 89 123 165 320 341 420 438 462 582 606 659 681 711
 184 (0.603683,0.080541)   6  136 252 256 404 469 680
 185 (0.134877,0.416252)  10  13 37 214 407 475 549 730 736 914 946
 186 (0.886021,0.101264)   6  39 309 355 493 889 952
 187 (0.464573,0.017082)   6  9 415 525 696 840 954
 188 (0.734094,0.731818)   9  152 291 306 513 671 828 829 879 904
 189 (0.288148,0.062576)   9  18 144 155 193 201 369 398 682 999
 190 (0.288598,0.219045)  12  108 151 235 356 363 393 497 551 722 734 765 815
 191 (0.932742,0.445206)   9  167 266 268 301 324 528 745 812 851
 192 (0.268053,0.892281)   8  228 278 361 405 416 505 566 600
 193 (0.299587,0.067619)   8  144 155 189 369 398 436 682 772
 194 (0.861458,0.154074)  12  39 180 262 374 579 649 715 768 801 863 952 993
 195 (0.993545,0.764159)   4  287 634 644 951
 196 (0.084701,0.595553)   4  25 49 82 964
 197 (0.885892,0.281693)  10  5 15 85 179 387 388 492 529 844 979
 198 (0.826736,0.373299)  13  76 244 365 370 470 472 554 585 601 690 697 755 842
 199 (0.814598,0.818634)  15  143 227 249 304 336 410 445 704 718 724 739 785 795 824 837
 200 (0.726899,0.094789)   8  494 558 598 611 648 770 936 949
 201 (0.265580,0.114184)   8  2 189 303 308 398 556 682 748
 202 (0.886253,0.588357)  14  115 122 286 348 385 500 530 550 605 655 721 726 729 813
 203 (0.248863,0.259125)  12  151 290 356 551 765 782 809 815 910 915 918 958
 204 (0.878344,0.970954)   7  40 212 253 382 430 618 686
 205 (0.183910,0.134756)  11  46 303 438 462 510 582 626 659 711 841 899
 206 (0.540817,0.705079)   8  148 222 251 272 643 759 911 971
 207 (0.344254,0.998508)   7  24 70 93 121 174 542 932
 208 (0.953390,0.267716)   8  15 77 85 387 488 746 796 979
 209 (0.799868,0.609834)   7  288 348 428 605 627 633 850
 210 (0.112692,0.839643)   7  75 81 344 386 456 811 845
 211 (0.856073,0.048731)   8  94 213 493 607 621 878 881 885
 212 (0.868958,0.991036)   6  40 204 253 382 430 618
 213 (0.810598,0.039983)   8  94 211 493 607 611 621 853 885
 214 (0.183487,0.409776)  12  13 185 295 399 407 475 736 788 800 861 914 966
 215 (0.696115,0.154851)   2  98 595
 216 (0.038491,0.136877)  13  34 35 147 169 171 242 255 495 499 520 570 646 749
 217 (0.677492,0.495983)  13  3 145 271 331 338 351 473 498 562 776 780 891 927
 218 (0.764685,0.151183)   5  389 648 661 770 777
 219 (0.976520,0.533565)   6  125 158 328 364 366 589
 220 (0.544714,0.633643)   4  50 124 241 759
 221 (0.142219,0.787117)  15  43 109 157 270 275 329 357 359 386 422 486 592 638 740 882
 222 (0.573548,0.728200)  12  57 58 148 206 272 390 631 911 934 956 959 971
 223 (0.043419,0.838333)   8  23 81 240 305 653 811 865 943
 224 (0.941969,0.612039)   6  115 237 366 385 589 721
 225 (0.865077,0.720910)   7  334 442 515 714 798 864 1000
 226 (0.334316,0.706654)   6  67 283 347 375 524 945
 227 (0.763222,0.841597)  15  143 199 249 336 501 586 645 718 724 739 795 824 837 929 992
 228 (0.254475,0.879030)  10  192 278 361 405 408 416 505 566 656 766
 229 (0.340297,0.905440)   9  119 273 542 566 600 678 732 849 932
 230 (0.628714,0.828023)   8  20 414 503 563 806 832 872 883
 231 (0.607230,0.383716)  11  8 175 417 483 565 701 779 886 901 969 987
 232 (0.743774,0.570683)   9  146 353 514 627 628 633 848 850 860
 233 (0.440062,0.472307)  13  164 274 289 325 440 596 666 687 742 787 793 838 944
 234 (0.104626,0.078090)   7  30 307 342 352 543 573 669
 235 (0.277337,0.203284)  16  2 108 151 190 356 363 393 497 551 722 734 748 765 809 815 975
 236 (0.313904,0.359101)  12  62 130 159 166 487 548 637 695 820 854 873 941
 237 (0.957120,0.617634)   8  115 224 366 373 385 587 589 870
 238 (0.108724,0.942618)   6  315 380 479 564 673 965
 239 (0.187124,0.564350)   7  82 279 292 383 531 584 733
 240 (0.001350,0.852498)   6  223 305 653 707 943 986
 241 (0.513301,0.627187)   4  50 59 220 759
 242 (0.036656,0.105976)  10  35 147 216 255 342 495 499 520 646 876
 243 (0.930588,0.790638)   6  101 107 460 634 652 967
 244 (0.830470,0.350560)  13  76 141 198 365 470 472 585 601 697 755 825 842 947
 245 (0.465077,0.887708)  12  10 120 149 326 447 511 537 538 731 735 839 996
 246 (0.408272,0.939195)  10  29 120 150 326 447 542 568 623 784 961
 247 (0.293178,0.652201)  11  61 67 177 283 332 362 446 524 533 629 709
 248 (0.452057,0.409621)  12  118 164 178 325 396 451 552 699 787 838 895 944
 249 (0.791693,0.806478)  16  143 199 227 304 306 336 410 445 704 718 724 739 785 795 824 837
 250 (0.279388,0.488714)   6  88 323 458 547 608 762
 251 (0.515597,0.722281)   6  206 272 437 588 643 705
 252 (0.597116,0.109858)   5  86 184 469 968 978
 253 (0.839274,0.980673)   6  40 204 212 339 430 686
 254 (0.609988,0.005388)   1  534
 255 (0.049053,0.132451)  13  33 34 35 147 169 171 216 242 495 499 570 646 749
 256 (0.632874,0.062046)   6  136 184 404 469 680 751
 257 (0.415009,0.840746)   7  346 447 526 678 731 735 808
 258 (0.938930,0.912262)   7  60 135 345 350 409 693 823
 259 (0.550759,0.930605)  16  12 72 112 132 176 335 376 406 677 716 758 797 839 890 930 980
 260 (0.563027,0.536046)   6  264 281 426 457 619 684
 261 (0.022120,0.390033)   6  90 299 480 490 822 962
 262 (0.911279,0.173015)   8  194 277 768 775 801 863 952 960
 263 (0.541433,0.071173)   4  16 534 712 935
 264 (0.522484,0.544153)   7  260 281 426 457 700 894 898
 265 (0.235061,0.956442)   8  42 79 138 340 391 400 656 741
 266 (0.911919,0.461414)  10  32 167 191 268 301 324 528 603 745 812
 267 (0.456415,0.785820)  10  128 477 526 561 571 588 604 808 922 994
 268 (0.887047,0.474945)   8  32 191 266 324 349 603 668 745
 269 (0.997459,0.478536)   3  125 158 855
 270 (0.175853,0.798326)  16  75 109 221 275 329 372 386 422 454 486 592 593 638 706 740 882
 271 (0.647960,0.538892)  14  3 64 145 217 421 425 473 727 774 776 780 821 927 974
 272 (0.549709,0.698337)   9  148 206 222 251 643 759 803 911 971
 273 (0.342479,0.883021)   7  119 229 566 678 732 849 972
 274 (0.495334,0.461628)   4  233 396 742 990
 275 (0.159751,0.798895)  13  43 75 109 221 270 329 386 422 486 592 638 740 882
 276 (0.668841,0.382381)   4  641 779 901 902
 277 (0.936573,0.157210)  11  262 322 355 418 535 775 863 952 960 981 982
 278 (0.277430,0.844693)  12  56 192 228 361 408 416 434 505 566 624 756 907
 279 (0.180707,0.584533)  12  25 69 82 239 292 383 502 584 599 733 867 964
 280 (0.696103,0.827139)   3  563 645 977
 281 (0.543030,0.523186)   7  260 264 426 457 619 700 894
 282 (0.467554,0.191437)  16  11 14 78 100 182 395 444 474 518 717 792 805 818 884 983 985
 283 (0.288766,0.702781)   9  67 104 177 226 247 360 524 533 973
 284 (0.322081,0.136395)   8  131 300 398 436 572 620 748 772
 285 (0.573818,0.225339)   7  181 358 512 518 691 908 920
 286 (0.859991,0.599511)  12  122 202 348 500 530 550 605 721 726 729 744 813
 287 (0.981088,0.754525)   5  195 634 644 747 951
 288 (0.809873,0.556094)  13  47 122 209 348 353 467 627 628 729 752 850 860 989
 289 (0.426650,0.524119)  12  54 233 354 440 482 521 596 666 687 742 793 988
 290 (0.277712,0.277427)  11  130 151 203 461 548 676 720 782 815 915 958
 291 (0.747530,0.715416)   7  152 188 306 671 828 829 904
 292 (0.226900,0.599793)   6  239 279 332 574 733 867
 293 (0.413822,0.321348)   6  555 602 737 738 826 976
 294 (0.940756,0.086891)  11  19 21 80 309 355 423 580 862 889 892 903
 295 (0.199304,0.394910)  10  161 214 399 407 667 736 788 800 861 966
 296 (0.075874,0.750628)  11  43 157 357 359 516 640 657 708 835 865 916
 297 (0.642985,0.625954)   7  68 124 343 392 590 663 847
 298 (0.919029,0.353585)  13  1 77 129 133 141 179 527 529 694 760 812 857 938
 299 (0.028055,0.390515)   6  90 261 480 490 822 962
 300 (0.341370,0.145928)   9  131 173 284 398 436 572 620 748 772
 301 (0.953378,0.441877)   9  167 191 266 324 528 745 812 851 855
 302 (0.711863,0.282126)  12  45 74 419 560 614 672 799 802 868 937 942 991
 303 (0.232819,0.152682)  13  2 201 205 308 363 462 497 626 659 765 841 899 975
 304 (0.836787,0.787737)   7  101 143 199 249 410 445 785
 305 (0.032754,0.875804)   7  23 223 240 439 653 707 986
 306 (0.778636,0.755816)  12  143 188 249 291 445 491 671 704 828 837 904 1000
 307 (0.141322,0.060810)   8  65 96 234 352 543 573 622 669
 308 (0.266319,0.120006)   8  2 201 303 398 556 682 748 841
 309 (0.901745,0.094700)   7  19 80 186 294 355 889 952
 310 (0.502687,0.978182)  12  12 63 97 112 459 538 716 758 761 890 928 961
 311 (0.402132,0.134564)  10  117 173 333 517 540 572 674 717 874 985
 312 (0.247382,0.339474)   9  161 548 667 763 782 788 854 915 958
 313 (0.765919,0.434886)  11  116 154 370 378 401 554 557 578 690 790 995
 314 (0.010368,0.026017)   1  876
 315 (0.095291,0.907241)   7  23 238 439 456 479 673 965
 316 (0.495696,0.276687)   5  4 444 455 471 925
 317 (0.146023,0.997035)   6  340 380 564 654 789 963
 318 (0.001942,0.998383)   2  153 594
 319 (0.254869,0.548155)   2  443 887
 320 (0.131599,0.249324)  10  87 123 183 341 368 397 606 615 681 728
 321 (0.337857,0.020788)   2  126 999
 322 (0.983041,0.141967)   9  277 355 418 423 535 775 960 981 982
 323 (0.275341,0.433148)  10  166 250 432 458 608 695 702 710 762 873
 324 (0.928029,0.478737)   9  158 167 191 266 268 301 528 603 745
 325 (0.418653,0.421364)  11  118 164 233 248 451 666 699 787 838 895 944
 326 (0.430183,0.929971)  13  29 63 120 149 150 245 246 447 459 568 623 784 961
 327 (0.477120,0.673522)   5  50 92 437 643 705
 328 (0.969519,0.561783)   6  125 219 364 366 385 589
 329 (0.179295,0.814978)  12  75 109 221 270 275 372 386 454 592 612 638 740
 330 (0.694310,0.952560)  11  6 28 55 84 106 113 639 833 909 917 950
 331 (0.703750,0.454636)  10  217 338 498 557 562 578 641 790 819 891
 332 (0.248126,0.622339)   7  247 292 446 574 629 733 867
 333 (0.431297,0.122403)  10  22 78 117 311 517 540 674 717 874 985
 334 (0.876000,0.678309)  10  225 428 442 515 550 591 714 744 798 864
 335 (0.552310,0.908417)  14  72 112 132 176 259 632 670 677 839 859 890 930 980 996
 336 (0.795925,0.845519)  14  143 199 227 249 501 586 718 724 739 785 795 824 837 992
 337 (0.240092,0.731605)  13  36 103 104 177 360 372 481 533 593 636 706 948 973
 338 (0.723395,0.490235)  11  3 145 217 331 473 498 557 562 776 790 891
 339 (0.798079,0.943841)   7  41 170 253 367 430 686 888
 340 (0.186240,0.971520)   7  265 317 654 683 741 789 963
 341 (0.112575,0.229376)  13  87 114 123 165 183 320 368 420 606 615 681 728 794
 342 (0.066244,0.062240)   5  147 234 242 499 876
 343 (0.649829,0.664885)   9  68 297 392 448 590 663 803 847 956
 344 (0.137793,0.862169)   8  75 109 210 386 456 612 845 965
 345 (0.907759,0.889921)   7  60 258 350 413 519 703 823
 346 (0.396490,0.861188)   6  257 447 678 731 849 972
 347 (0.352405,0.705837)   5  105 226 375 576 685
 348 (0.833762,0.582730)  13  47 122 202 209 286 288 605 627 729 752 813 850 989
 349 (0.832708,0.464979)   9  32 95 268 371 401 554 668 816 900
 350 (0.935213,0.900007)   9  60 135 140 258 345 409 508 693 823
 351 (0.644970,0.482537)  10  145 217 441 473 498 771 780 819 891 905
 352 (0.129864,0.073006)   9  30 65 96 234 307 543 573 622 669
 353 (0.762176,0.552729)  11  232 288 467 514 627 628 633 848 850 860 989
 354 (0.372459,0.526354)  10  52 289 521 547 596 764 817 858 880 926
 355 (0.934193,0.114581)  12  186 277 294 309 322 418 423 580 775 889 952 960
 356 (0.258566,0.206221)  16  2 151 190 203 235 363 393 497 551 722 765 809 815 841 918 975
 357 (0.109084,0.766901)  10  43 157 221 296 359 422 486 657 708 835
 358 (0.579560,0.193779)   8  73 285 512 532 691 866 920 978
 359 (0.106228,0.754054)  11  43 157 221 296 357 422 486 640 657 708 835
 360 (0.249439,0.709424)  12  36 103 177 283 337 481 524 533 636 852 948 973
 361 (0.266785,0.868404)  11  192 228 278 405 408 416 434 505 566 766 907
 362 (0.306783,0.621897)   9  26 61 67 247 446 610 629 709 871
 363 (0.235778,0.200978)  18  2 190 235 303 356 393 462 497 551 626 659 722 765 809 841 899 918 975
 364 (0.982985,0.565349)   5  125 219 328 366 589
 365 (0.828118,0.344862)  12  76 141 198 244 470 472 585 601 697 755 825 947
 366 (0.967879,0.562545)   8  125 219 224 237 328 364 385 589
 367 (0.759128,0.934346)   5  41 170 339 888 929
 368 (0.098917,0.217318)  14  34 87 114 123 165 320 341 420 465 606 615 728 749 794
 369 (0.271969,0.025913)   8  18 144 155 189 193 485 769 999
 370 (0.802750,0.405700)  14  116 154 198 313 378 401 470 554 585 690 755 842 900 995
 371 (0.839215,0.507748)  10  47 95 122 349 467 655 668 752 816 989
 372 (0.226891,0.785735)  14  36 56 270 329 337 408 481 509 592 593 624 706 740 948
 373 (0.971050,0.667333)   6  237 506 587 743 747 870
 374 (0.852610,0.194770)  10  180 194 453 649 715 768 801 844 863 993
 375 (0.348280,0.730178)   6  105 162 226 347 685 945
 376 (0.601680,0.951527)  17  12 72 110 132 134 176 259 406 581 616 630 677 716 797 833 917 930
 377 (0.412088,0.620250)  10  99 142 450 482 496 545 613 719 753 926
 378 (0.756091,0.404430)  10  116 154 313 370 401 578 690 869 931 995
 379 (0.357227,0.251303)   6  83 720 734 807 933 953
 380 (0.127997,0.982982)   6  238 317 564 654 789 963
 381 (0.190165,0.328277)  10  161 399 468 679 763 788 800 861 910 915
 382 (0.918637,0.980607)   8  40 60 135 204 212 409 435 618
 383 (0.177752,0.538445)   7  239 279 412 489 531 584 893
 384 (0.058455,0.520316)   9  44 91 163 504 536 635 783 814 827
 385 (0.932134,0.589841)  12  115 202 224 237 328 366 500 530 589 721 726 813
 386 (0.158695,0.814547)  14  75 109 210 221 270 275 329 344 454 592 612 638 740 845
 387 (0.924746,0.289362)  11  15 77 85 133 179 197 208 492 529 796 979
 388 (0.841144,0.286692)   9  76 179 197 492 529 650 697 825 947
 389 (0.797529,0.114911)   8  218 558 579 611 648 770 853 936
 390 (0.617639,0.759780)  13  57 58 222 411 414 463 503 522 631 832 934 959 971
 391 (0.267299,0.975281)   8  24 42 70 79 138 265 400 741
 392 (0.653356,0.676094)  10  68 297 343 411 448 590 663 829 847 956
 393 (0.280097,0.199434)  14  2 108 151 190 235 356 363 497 551 722 734 748 765 975
 394 (0.565122,0.812051)  10  402 452 478 503 632 670 767 832 872 883
 395 (0.490641,0.204843)  16  11 14 73 100 182 282 444 474 518 792 805 818 866 884 925 983
 396 (0.488795,0.406266)   8  178 248 274 544 552 647 895 990
 397 (0.098743,0.288169)   8  38 123 320 541 567 615 843 846
 398 (0.319754,0.106434)  13  131 144 155 189 193 201 284 300 308 436 620 682 772
 399 (0.166046,0.366042)  13  13 214 295 381 407 679 730 736 788 800 861 914 966
 400 (0.263451,0.973110)   8  24 42 70 79 138 265 391 741
 401 (0.782528,0.446142)  13  95 116 154 313 349 370 378 554 557 790 816 900 995
 402 (0.565476,0.828573)  10  394 452 478 632 670 767 832 859 872 883
 403 (0.785161,0.273168)   5  617 650 802 825 947
 404 (0.650985,0.054271)   6  136 184 256 469 680 751
 405 (0.234838,0.883904)   8  192 228 361 454 505 612 656 766
 406 (0.561338,0.970738)  12  12 72 97 176 259 376 581 630 716 758 797 890
 407 (0.160705,0.400884)  14  13 37 185 214 295 399 679 730 736 788 800 861 914 966
 408 (0.249946,0.824789)  14  56 228 278 361 372 416 434 454 509 624 706 756 766 907
 409 (0.943848,0.943233)  10  60 135 258 350 382 435 618 693 823 912
 410 (0.847026,0.815422)   7  101 143 199 249 304 445 785
 411 (0.653361,0.729009)  12  390 392 448 463 513 522 631 750 829 934 956 959
 412 (0.216402,0.498011)   9  88 383 458 484 531 725 762 778 887
 413 (0.869693,0.888199)   4  40 345 519 703
 414 (0.612912,0.777740)  10  20 57 58 230 390 503 522 631 832 934
 415 (0.468750,0.030399)   8  9 22 187 525 696 712 840 954
 416 (0.289083,0.862858)  10  192 228 278 361 408 434 505 566 732 907
 417 (0.602528,0.412598)  11  17 231 424 565 701 771 779 886 901 905 923
 418 (0.973632,0.136110)   9  277 322 355 423 535 775 960 981 982
 419 (0.678281,0.255889)  13  45 66 74 172 302 560 672 791 799 868 937 942 991
 420 (0.141607,0.190034)  14  7 87 89 114 165 183 341 368 438 462 582 606 659 711
 421 (0.634121,0.547974)  11  64 271 425 473 619 727 774 780 821 927 974
 422 (0.144088,0.754519)  14  43 53 157 221 270 275 357 359 486 593 638 740 835 882
 423 (0.967774,0.102871)   8  21 27 294 322 355 418 580 903
 424 (0.578373,0.433172)   9  17 417 441 565 701 886 905 923 990
 425 (0.617378,0.570302)  10  64 124 271 421 619 684 774 780 821 974
 426 (0.515469,0.552005)   7  260 264 281 457 700 894 898
 427 (0.569281,0.295658)   6  102 168 175 181 464 781
 428 (0.826191,0.657075)   8  209 334 491 550 605 744 798 864
 429 (0.742039,0.203402)   9  66 98 172 661 664 777 799 802 957
 430 (0.843632,0.970279)   6  40 204 212 253 339 686
 431 (0.411595,0.709813)   4  105 836 877 922
 432 (0.306273,0.422005)  11  159 166 323 608 695 702 710 820 873 941 984
 433 (0.403451,0.028972)   4  48 139 696 840
 434 (0.280114,0.821741)  11  56 278 361 408 416 466 509 566 624 756 907
 435 (0.974011,0.972732)   6  135 382 409 618 693 912
 436 (0.324631,0.106305)   9  131 155 193 284 300 398 620 682 772
 437 (0.478817,0.716050)   9  50 92 251 327 561 588 643 705 922
 438 (0.176134,0.168263)  14  46 87 89 183 205 420 462 510 582 626 659 711 841 899
 439 (0.076584,0.890411)   6  23 305 315 456 479 673
 440 (0.425862,0.482406)  12  54 164 233 289 596 666 687 742 787 793 944 988
 441 (0.590268,0.480035)   5  351 424 771 905 923
 442 (0.919384,0.705976)  11  225 334 506 515 591 644 652 714 747 951 967
 443 (0.304147,0.564279)   7  26 52 319 547 709 764 997
 444 (0.452766,0.244014)  13  4 14 182 282 316 395 455 471 818 906 925 976 983
 445 (0.812281,0.782964)  10  143 199 249 304 306 410 704 785 837 1000
 446 (0.280329,0.628900)   8  61 67 177 247 332 362 629 709
 447 (0.412277,0.888865)  10  149 245 246 257 326 346 678 731 735 849
 448 (0.673375,0.706191)   7  152 343 392 411 463 513 829
 449 (0.111306,0.002546)   1  669
 450 (0.368900,0.592759)   9  52 142 377 521 610 719 753 871 926
 451 (0.412167,0.415453)   9  118 164 248 325 699 787 838 895 944
 452 (0.566825,0.821666)  10  394 402 478 632 670 767 832 859 872 883
 453 (0.836773,0.224448)   6  180 374 649 715 768 844
 454 (0.198417,0.847154)  11  75 109 270 329 386 405 408 592 612 638 766
 455 (0.450566,0.249050)  11  4 14 316 444 471 818 826 906 925 976 983
 456 (0.113314,0.871792)   8  81 210 315 344 439 811 845 965
 457 (0.553344,0.561872)   6  260 264 281 426 619 684
 458 (0.251596,0.482214)   8  88 250 323 412 484 608 762 887
 459 (0.464551,0.965512)  13  29 63 120 150 310 326 538 568 623 761 784 928 961
 460 (0.977326,0.818421)   3  107 243 508
 461 (0.303880,0.301324)  12  130 151 290 487 548 637 676 720 782 815 854 958
 462 (0.189960,0.175743)  16  46 89 183 205 303 363 420 438 510 582 626 659 711 841 899 975
 463 (0.665575,0.754446)   8  390 411 448 513 522 750 879 977
 464 (0.550374,0.303274)   4  102 168 427 781
 465 (0.047535,0.218919)  14  34 51 114 171 368 570 575 625 728 749 794 896 913 919
 466 (0.316318,0.801971)   6  104 434 756 907 945 972
 467 (0.785487,0.512086)  11  47 95 288 353 371 514 562 628 850 860 989
 468 (0.184431,0.293643)   5  381 681 763 910 915
 469 (0.620392,0.089367)   7  136 184 252 256 404 680 751
 470 (0.813410,0.374391)  13  198 244 365 370 472 554 585 601 690 697 755 842 947
 471 (0.469386,0.285967)   9  4 316 444 455 737 738 826 925 976
 472 (0.843813,0.363784)  12  76 141 198 244 365 470 585 601 697 755 825 842
 473 (0.677665,0.516921)  16  3 145 217 271 338 351 421 498 727 774 776 780 821 891 927 974
 474 (0.504886,0.160131)  14  11 73 78 100 182 282 395 717 792 805 866 884 955 978
 475 (0.165755,0.463152)   8  185 214 484 489 725 736 778 893
 476 (0.029007,0.689317)   6  160 516 539 553 640 804
 477 (0.453774,0.786146)  10  128 267 526 561 571 588 604 808 922 994
 478 (0.552519,0.842417)  10  394 402 452 632 670 754 767 859 872 883
 479 (0.063708,0.923160)   5  23 238 315 439 673
 480 (0.072113,0.396332)   7  37 261 299 490 549 822 946
 481 (0.206201,0.741372)  14  36 53 103 337 360 372 486 592 593 636 706 740 882 948
 482 (0.440081,0.576999)  13  54 59 99 142 289 377 521 545 613 687 753 898 988
 483 (0.556462,0.371956)  11  17 102 111 231 544 647 692 701 886 969 987
 484 (0.204524,0.469088)   8  88 412 458 475 531 725 762 778
 485 (0.266316,0.010236)   5  18 144 369 769 999
 486 (0.158102,0.757043)  14  43 53 221 270 275 357 359 422 481 592 593 638 740 882
 487 (0.311505,0.330023)  11  62 130 236 461 548 637 676 720 782 854 941
 488 (0.933396,0.230215)   6  5 15 208 796 844 979
 489 (0.153374,0.517706)   6  383 475 531 569 584 893
 490 (0.071396,0.373478)  12  38 90 156 261 299 480 541 549 651 822 843 946
 491 (0.807214,0.709837)   6  306 428 798 864 904 1000
 492 (0.889662,0.275920)  10  5 15 85 179 197 387 388 529 844 979
 493 (0.842566,0.073530)   7  94 186 211 213 579 853 889
 494 (0.720073,0.047764)   7  200 559 598 658 856 936 949
 495 (0.032963,0.154071)  12  34 51 169 171 216 242 255 570 575 646 749 913
 496 (0.403553,0.653469)   5  142 377 576 613 719
 497 (0.277979,0.186337)  14  2 108 190 235 303 356 363 393 551 722 748 765 841 975
 498 (0.671778,0.474949)  11  145 217 331 338 351 473 771 776 780 819 891
 499 (0.026947,0.085193)   9  35 147 216 242 255 342 520 646 876
 500 (0.896174,0.561440)  13  115 122 202 286 385 530 589 603 655 721 726 729 813
 501 (0.750868,0.869513)  11  137 227 336 586 645 718 724 739 824 929 992
 502 (0.158723,0.616246)  11  25 69 82 279 599 609 713 733 831 867 964
 503 (0.609204,0.783831)  12  20 57 58 230 390 394 414 522 631 832 872 934
 504 (0.023584,0.562277)   6  49 71 384 635 689 814
 505 (0.269715,0.887183)   8  192 228 278 361 405 416 566 600
 506 (0.970168,0.695362)   7  373 442 587 644 743 747 951
 507 (0.037226,0.296662)   8  38 127 156 567 662 843 896 919
 508 (0.972377,0.866342)   6  107 140 350 460 757 823
 509 (0.256802,0.788094)   9  56 104 372 408 434 624 706 756 907
 510 (0.166175,0.131100)   9  7 30 46 205 438 462 582 659 711
 511 (0.482588,0.866006)   9  10 149 245 537 735 754 808 839 996
 512 (0.571925,0.189759)   9  73 285 358 532 691 866 920 955 978
 513 (0.693377,0.752303)  10  152 188 411 448 463 522 750 829 879 977
 514 (0.753189,0.542093)  10  3 232 353 467 562 628 848 850 860 989
 515 (0.885121,0.730602)   6  225 334 442 652 714 967
 516 (0.048965,0.725566)  11  296 476 539 553 640 657 708 723 804 835 916
 517 (0.408434,0.141923)  10  78 117 173 311 333 674 717 810 874 985
 518 (0.518696,0.215140)  16  11 73 100 182 282 285 395 691 792 805 818 866 884 925 955 983
 519 (0.856666,0.891022)   3  345 413 703
 520 (0.007929,0.090621)   7  35 147 216 242 499 646 876
 521 (0.404898,0.550043)  12  54 142 289 354 450 482 596 687 753 817 926 988
 522 (0.643325,0.761118)  11  57 390 411 414 463 503 513 631 750 879 934
 523 (0.632714,0.290019)   8  8 74 168 175 181 868 908 940
 524 (0.280645,0.692290)   9  61 67 177 226 247 283 360 533 973
 525 (0.486683,0.041148)  11  9 16 22 187 415 642 696 712 840 935 954
 526 (0.431942,0.799341)   9  128 257 267 477 561 571 808 922 994
 527 (0.907430,0.343349)  12  1 77 85 129 133 141 179 298 529 694 857 938
 528 (0.932171,0.439871)   8  167 191 266 301 324 745 812 851
 529 (0.889962,0.312328)  15  1 76 77 85 133 141 179 197 298 387 388 492 527 857 979
 530 (0.893392,0.575496)  11  115 122 202 286 385 500 655 721 726 729 813
 531 (0.200989,0.522676)   9  88 239 383 412 484 489 584 887 893
 532 (0.602348,0.174037)   7  358 512 577 691 920 968 978
 533 (0.267786,0.687672)  10  61 67 177 247 283 337 360 524 852 973
 534 (0.563825,0.034290)   5  16 254 263 642 935
 535 (0.973378,0.175216)   7  277 322 418 775 960 981 982
 536 (0.031022,0.495996)   9  31 44 91 384 635 814 827 875 939
 537 (0.474161,0.863341)  10  10 149 245 511 731 735 754 808 839 996
 538 (0.487544,0.924413)  12  112 120 149 245 310 459 623 761 839 890 980 996
 539 (0.071492,0.675150)   5  476 516 640 660 831
 540 (0.386017,0.089892)  10  48 117 131 139 311 333 620 674 772 874
 541 (0.098450,0.339278)  10  38 156 397 490 567 651 730 843 846 946
 542 (0.362822,0.949842)   8  29 93 119 174 207 229 246 932
 543 (0.124182,0.071828)   7  30 96 234 307 352 573 669
 544 (0.514494,0.393843)  10  17 111 178 396 483 552 647 692 969 990
 545 (0.445838,0.598343)   8  59 99 142 377 482 613 753 898
 546 (0.935169,0.002038)   6  80 834 862 878 892 998
 547 (0.318257,0.517329)   9  52 250 354 443 764 817 858 880 997
 548 (0.273493,0.321186)  13  130 236 290 312 461 487 637 667 676 782 854 915 958
 549 (0.091930,0.416707)   7  13 37 185 480 490 914 946
 550 (0.856607,0.636314)   9  202 286 334 428 605 744 798 813 864
 551 (0.271028,0.216112)  14  2 151 190 203 235 356 363 393 497 722 765 809 815 975
 552 (0.488536,0.371101)   9  111 178 248 396 544 647 692 895 897
 553 (0.030158,0.716866)   8  160 476 516 640 657 723 804 916
 554 (0.814455,0.423704)  12  32 116 154 198 313 349 370 401 470 816 842 900
 555 (0.373140,0.348415)   3  293 602 637
 556 (0.234195,0.087948)   4  201 308 682 921
 557 (0.744890,0.465070)  10  116 154 313 331 338 401 562 578 790 995
 558 (0.765122,0.090802)   7  200 389 611 648 770 853 936
 559 (0.724262,0.015918)   4  494 598 658 856
 560 (0.681183,0.253657)  12  45 66 74 172 302 419 672 791 799 937 942 991
 561 (0.461904,0.754420)  11  128 267 437 477 526 571 588 705 877 922 994
 562 (0.732784,0.495638)  11  3 145 217 331 338 467 514 557 776 790 891
 563 (0.677362,0.835043)   6  20 230 280 645 806 977
 564 (0.102835,0.966979)   6  238 317 380 673 789 965
 565 (0.583586,0.422252)  10  17 231 417 424 701 886 901 905 923 969
 566 (0.300114,0.867957)  11  192 228 229 273 278 361 416 434 505 732 907
 567 (0.057781,0.307848)   8  38 127 156 397 507 541 843 896
 568 (0.438171,0.981296)  11  29 63 120 150 246 326 459 623 784 928 961
 569 (0.121614,0.519684)   7  91 163 489 584 688 783 893
 570 (0.062268,0.170954)  16  33 34 51 114 165 169 171 216 255 465 495 575 646 728 749 913
 571 (0.476934,0.798976)  10  128 267 477 526 561 604 754 767 808 994
 572 (0.354728,0.165103)   6  108 173 284 300 311 810
 573 (0.137933,0.060520)   8  65 96 234 307 352 543 622 669
 574 (0.221229,0.654841)  11  103 177 292 332 609 665 713 733 852 867 973
 575 (0.033060,0.195714)  12  34 51 169 171 465 495 570 625 749 794 913 919
 576 (0.368367,0.659399)   6  67 347 496 610 719 871
 577 (0.636138,0.154674)   4  532 595 920 968
 578 (0.715398,0.430635)  10  116 154 313 331 378 557 641 790 869 995
 579 (0.830353,0.113072)   7  39 194 389 493 801 853 993
 580 (0.953650,0.070126)  12  19 21 27 80 294 355 423 834 862 892 903 998
 581 (0.595738,0.968286)  11  12 72 134 176 376 406 616 630 716 797 930
 582 (0.173591,0.174879)  13  46 87 89 183 205 420 438 462 510 626 659 711 899
 583 (0.724968,0.628798)   5  146 597 633 786 970
 584 (0.164000,0.541959)   8  82 239 279 383 489 531 569 893
 585 (0.834278,0.361105)  14  76 141 198 244 365 370 470 472 601 697 755 825 842 947
 586 (0.783471,0.879399)  11  227 336 501 718 724 739 795 824 888 929 992
 587 (0.972594,0.664631)   6  237 373 506 743 747 870
 588 (0.474177,0.737122)   9  92 251 267 437 477 561 643 705 922
 589 (0.949525,0.568332)  11  115 125 219 224 237 328 364 366 385 500 721
 590 (0.632917,0.647768)  10  68 124 297 343 392 663 803 847 911 956
 591 (0.912000,0.674493)   4  334 442 714 747
 592 (0.197130,0.796918)  15  109 221 270 275 329 372 386 454 481 486 593 638 706 740 882
 593 (0.189727,0.746278)  14  36 53 270 337 372 422 481 486 592 636 706 740 882 948
 594 (0.035598,0.980601)   2  153 318
 595 (0.676317,0.162322)   5  98 172 215 577 968
 596 (0.410909,0.509775)  11  54 233 289 354 440 521 666 687 793 817 988
 597 (0.717723,0.625841)   5  146 583 633 786 970
 598 (0.730654,0.043827)   6  200 494 559 658 856 936
 599 (0.157543,0.629723)  12  25 69 82 279 502 609 665 713 733 831 867 964
 600 (0.300334,0.927784)  11  24 42 70 79 119 138 192 229 505 732 932
 601 (0.840744,0.347271)  13  76 141 179 198 244 365 470 472 585 697 755 825 947
 602 (0.376001,0.335932)   4  293 555 637 953
 603 (0.908385,0.517061)   7  266 268 324 500 655 721 726
 604 (0.509592,0.786910)   6  128 267 477 571 754 767
 605 (0.845706,0.626108)  10  202 209 286 348 428 550 729 744 798 813
 606 (0.142902,0.240246)  10  87 89 123 183 320 341 368 420 615 681
 607 (0.830737,0.003250)   6  94 211 213 621 881 885
 608 (0.255831,0.443236)   8  88 166 250 323 432 458 710 762
 609 (0.168030,0.671481)  10  53 103 502 574 599 636 665 713 852 867
 610 (0.350520,0.631833)   7  61 67 362 450 576 719 871
 611 (0.779168,0.076415)   8  200 213 389 558 648 770 853 936
 612 (0.188542,0.860112)   8  75 109 329 344 386 405 454 766
 613 (0.418743,0.624875)   8  99 142 377 482 496 545 719 753
 614 (0.702523,0.331445)   7  74 302 672 868 902 931 937
 615 (0.100359,0.249480)   9  114 123 320 341 368 397 606 728 794
 616 (0.628124,0.958355)  15  6 28 72 84 110 113 134 176 376 581 630 639 797 833 917
 617 (0.774681,0.268389)   6  403 650 799 802 937 957
 618 (0.920961,0.978645)   8  40 60 135 204 212 382 409 435
 619 (0.590187,0.553849)   8  64 260 281 421 425 457 684 821
 620 (0.344804,0.109503)   8  117 131 284 300 398 436 540 772
 621 (0.838757,0.008930)   6  94 211 213 607 881 885
 622 (0.178724,0.047327)   7  65 96 307 352 573 669 921
 623 (0.440948,0.939116)  12  29 63 120 149 150 246 326 459 538 568 784 961
 624 (0.258410,0.806848)   9  56 278 372 408 434 509 706 756 907
 625 (0.005682,0.215629)   7  51 465 575 662 794 913 919
 626 (0.207504,0.179372)  15  2 89 205 303 363 438 462 582 659 711 765 841 899 918 975
 627 (0.785493,0.595869)  11  209 232 288 348 353 628 633 848 850 860 989
 628 (0.769478,0.552308)  11  232 288 353 467 514 627 633 848 850 860 989
 629 (0.288875,0.624250)   8  26 61 67 247 332 362 446 709
 630 (0.604800,0.948202)  16  12 72 110 132 134 176 376 406 581 616 677 716 797 833 917 930
 631 (0.599635,0.729823)  14  57 58 148 222 390 411 414 503 522 911 934 956 959 971
 632 (0.563366,0.863210)  11  132 335 394 402 452 478 670 677 859 872 883
 633 (0.755050,0.605317)  12  209 232 353 583 597 627 628 786 848 850 860 970
 634 (0.945452,0.770870)   7  195 243 287 644 652 951 967
 635 (0.042582,0.540543)  10  44 49 91 163 384 504 536 783 814 875
 636 (0.201186,0.714931)  13  36 53 103 337 360 481 593 609 665 852 882 948 973
 637 (0.323178,0.331457)  12  62 130 236 461 487 548 555 602 676 720 854 941
 638 (0.164793,0.805986)  13  75 109 221 270 275 329 386 422 454 486 592 740 882
 639 (0.663133,0.922813)  12  6 28 110 113 134 330 616 773 833 909 917 950
 640 (0.061280,0.728159)  12  157 296 359 476 516 539 553 657 708 723 835 916
 641 (0.669196,0.418183)   6  276 331 578 771 779 819
 642 (0.528130,0.006732)   6  9 16 525 534 935 954
 643 (0.499028,0.711778)   9  50 92 206 251 272 327 437 588 705
 644 (0.958726,0.729316)   9  195 287 442 506 634 652 747 951 967
 645 (0.721663,0.822206)   6  227 280 501 563 724 977
 646 (0.043234,0.123519)  13  35 147 169 171 216 242 255 495 499 520 570 749 876
 647 (0.535302,0.384796)  12  17 111 178 396 483 544 552 692 701 969 987 990
 648 (0.745020,0.104515)   9  200 218 389 558 611 770 853 936 949
 649 (0.851678,0.204497)  10  5 180 194 374 453 715 768 801 844 863
 650 (0.802979,0.273150)   5  388 403 617 825 947
 651 (0.111247,0.350706)  11  13 38 156 490 541 679 730 843 846 914 946
 652 (0.916275,0.761705)   7  243 442 515 634 644 714 967
 653 (0.002466,0.832910)   5  223 240 305 830 943
 654 (0.172913,0.959509)   7  317 340 380 683 741 789 963
 655 (0.885224,0.537767)  13  47 122 202 371 500 530 603 668 721 726 729 752 813
 656 (0.217706,0.917932)   4  228 265 405 683
 657 (0.064024,0.736902)  11  157 296 357 359 516 553 640 708 723 835 916
 658 (0.742265,0.020684)   4  494 559 598 856
 659 (0.191082,0.175271)  16  46 89 183 205 303 363 420 438 462 510 582 626 711 841 899 975
 660 (0.087608,0.658540)   2  539 831
 661 (0.782390,0.193548)   4  218 429 777 957
 662 (0.008181,0.260521)   4  507 625 896 919
 663 (0.618049,0.667614)  12  68 124 148 297 343 392 590 803 847 911 956 959
 664 (0.731315,0.225886)  11  45 66 98 172 429 777 799 802 942 957 991
 665 (0.178453,0.682073)   8  53 103 574 599 609 636 713 852
 666 (0.404516,0.473580)  11  164 233 289 325 440 596 787 793 817 924 944
 667 (0.246571,0.369535)  13  161 166 295 312 548 710 763 788 800 854 861 941 966
 668 (0.857344,0.492124)   7  95 268 349 371 655 752 816
 669 (0.132119,0.028960)   9  65 96 234 307 352 449 543 573 622
 670 (0.563083,0.865525)  11  132 335 394 402 452 478 632 677 859 872 883
 671 (0.752645,0.750168)   8  152 188 291 306 704 828 837 904
 672 (0.696574,0.294398)  11  45 74 302 419 560 614 799 868 902 937 991
 673 (0.091411,0.931099)   7  23 238 315 439 479 564 965
 674 (0.432241,0.101090)  10  22 78 117 139 311 333 517 540 717 874
 675 (0.767977,0.337982)   3  690 931 947
 676 (0.300634,0.289585)  12  130 151 290 461 487 548 637 720 782 815 854 958
 677 (0.593214,0.900097)  15  72 110 132 134 176 259 335 376 630 632 670 806 859 883 930
 678 (0.366942,0.863717)   8  229 257 273 346 447 732 849 972
 679 (0.155110,0.345859)  10  13 381 399 407 651 730 788 800 846 861
 680 (0.650265,0.063517)   7  136 184 256 404 469 751 949
 681 (0.158115,0.246521)   7  89 123 183 320 341 468 606
 682 (0.276958,0.082506)   9  144 155 189 193 201 308 398 436 556
 683 (0.164607,0.926092)   5  340 654 656 963 965
 684 (0.584503,0.577592)   5  124 260 425 457 619
 685 (0.372092,0.757821)   7  105 162 347 375 836 877 945
 686 (0.826188,0.951446)   7  40 170 204 253 339 430 888
 687 (0.441309,0.527202)  11  54 233 289 440 482 521 596 742 793 894 988
 688 (0.103680,0.476453)   5  91 163 569 783 827
 689 (0.014962,0.599424)   3  49 71 504
 690 (0.773723,0.380639)  12  116 154 198 313 370 378 470 675 755 869 931 995
 691 (0.558960,0.179569)  15  73 86 100 285 358 512 518 532 792 805 866 884 920 955 978
 692 (0.525515,0.358226)   9  111 178 483 544 552 647 897 969 987
 693 (0.958231,0.931052)   9  60 135 258 350 409 435 757 823 912
 694 (0.937390,0.351704)   9  1 77 129 133 298 527 760 857 938
 695 (0.309671,0.399540)  12  62 159 166 236 323 432 702 710 820 873 941 984
 696 (0.458253,0.041070)   9  9 22 187 415 433 525 712 840 954
 697 (0.828157,0.324633)  14  76 141 179 198 244 365 388 470 472 585 601 755 825 947
 698 (0.998963,0.231976)   0 
 699 (0.421709,0.387117)   7  118 164 248 325 451 838 895
 700 (0.504202,0.524479)   6  264 281 426 742 894 898
 701 (0.590201,0.379939)  15  8 17 102 175 231 417 424 483 565 647 779 886 901 969 987
 702 (0.318169,0.441592)  10  159 323 432 695 710 820 873 880 924 984
 703 (0.876183,0.899873)   4  40 345 413 519
 704 (0.779479,0.776422)   8  143 199 249 306 445 671 828 837
 705 (0.482662,0.704340)   8  50 92 251 327 437 561 588 643
 706 (0.224506,0.778442)  14  36 56 270 337 372 408 481 509 592 593 624 740 882 948
 707 (0.008398,0.904371)   4  23 240 305 986
 708 (0.091457,0.728708)   9  43 157 296 357 359 516 640 657 835
 709 (0.302921,0.598599)   9  26 61 247 362 443 446 629 871 997
 710 (0.284311,0.409626)  12  62 159 166 323 432 608 667 695 702 820 873 941
 711 (0.170300,0.179104)  11  87 89 183 205 420 438 462 510 582 626 659
 712 (0.498472,0.063790)   8  9 16 22 263 415 525 696 935
 713 (0.186048,0.652963)  11  53 69 103 502 574 599 609 665 733 852 867
 714 (0.883444,0.722978)   8  225 334 442 515 591 652 798 967
 715 (0.842232,0.194446)   9  180 194 374 453 649 768 801 863 993
 716 (0.557334,0.974901)  14  12 72 97 176 259 310 376 406 581 630 758 761 797 890
 717 (0.451686,0.145153)   9  78 282 311 333 474 517 674 874 985
 718 (0.793045,0.841645)  14  143 199 227 249 336 501 586 724 739 785 795 824 837 992
 719 (0.384526,0.621987)  10  142 377 450 496 576 610 613 753 871 926
 720 (0.324257,0.291517)  10  83 130 151 290 379 461 487 637 676 953
 721 (0.905435,0.570574)  13  115 122 202 224 286 385 500 530 589 603 655 726 813
 722 (0.274949,0.207701)  15  2 108 151 190 235 356 363 393 497 551 748 765 809 815 975
 723 (0.014495,0.747667)   7  516 553 640 657 804 830 916
 724 (0.765020,0.832284)  14  143 199 227 249 336 501 586 645 718 739 795 824 837 992
 725 (0.182601,0.466181)   5  412 475 484 736 778
 726 (0.892820,0.558065)  13  115 122 202 286 385 500 530 603 655 721 729 752 813
 727 (0.673928,0.567128)  12  3 64 146 271 421 473 774 776 780 821 927 974
 728 (0.088167,0.217078)  15  34 87 114 123 165 169 320 341 368 465 570 615 749 794 919
 729 (0.849582,0.579363)  14  47 122 202 286 288 348 500 530 605 655 726 752 813 989
 730 (0.137702,0.363117)  12  13 185 399 407 541 651 679 800 846 861 914 946
 731 (0.424778,0.864076)   8  149 245 257 346 447 537 735 808
 732 (0.327030,0.902721)   9  119 229 273 416 566 600 678 849 932
 733 (0.195401,0.607380)  10  69 239 279 292 332 502 574 599 713 867
 734 (0.330257,0.219850)   9  83 108 151 190 235 379 393 807 933
 735 (0.460786,0.869329)  12  10 149 245 257 447 511 537 731 754 808 839 996
 736 (0.174507,0.418425)  14  13 37 185 214 295 399 407 475 725 778 800 861 914 966
 737 (0.436928,0.310368)   6  293 471 738 826 897 976
 738 (0.448692,0.312209)   7  4 293 471 737 826 897 976
 739 (0.781542,0.861706)  13  143 199 227 249 336 501 586 718 724 795 824 929 992
 740 (0.174444,0.775722)  17  36 43 109 221 270 275 329 372 386 422 481 486 592 593 638 706 882
 741 (0.214930,0.976942)   6  265 340 391 400 654 963
 742 (0.469086,0.504701)  10  54 233 274 289 440 687 700 793 894 988
 743 (0.995573,0.675716)   6  373 506 587 747 870 951
 744 (0.846271,0.643593)   7  286 334 428 550 605 798 864
 745 (0.923126,0.432501)  10  32 167 191 266 268 301 324 528 812 851
 746 (0.986084,0.294964)   4  77 129 208 796
 747 (0.955802,0.704668)  10  287 373 442 506 587 591 644 743 951 967
 748 (0.294207,0.160528)  10  2 108 201 235 284 300 308 393 497 722
 749 (0.070686,0.170731)  15  33 34 114 165 169 171 216 255 368 465 495 570 575 646 728
 750 (0.681610,0.763293)   7  152 411 463 513 522 879 977
 751 (0.665229,0.066259)   6  136 256 404 469 680 949
 752 (0.846447,0.527882)  11  47 95 122 288 348 371 655 668 726 729 989
 753 (0.406886,0.588355)  10  99 142 377 450 482 521 545 613 719 926
 754 (0.498759,0.832531)  11  10 128 478 511 537 571 604 735 767 808 996
 755 (0.822846,0.362687)  14  76 198 244 365 370 470 472 585 601 690 697 825 842 947
 756 (0.293023,0.792966)  10  56 104 278 408 434 466 509 624 907 945
 757 (0.993059,0.893531)   4  140 508 693 823
 758 (0.533419,0.974634)  10  12 97 112 259 310 406 716 761 890 928
 759 (0.556259,0.658288)   7  148 206 220 241 272 803 911
 760 (0.959790,0.379866)   7  129 133 167 298 694 851 938
 761 (0.502516,0.963145)  13  12 63 97 112 120 310 459 538 716 758 890 928 961
 762 (0.246643,0.458549)   7  88 250 323 412 458 484 608
 763 (0.212397,0.325361)  11  161 312 381 468 667 788 800 861 910 915 958
 764 (0.325833,0.539666)   8  26 52 354 443 547 817 858 997
 765 (0.251516,0.205456)  17  2 190 203 235 303 356 363 393 497 551 626 722 809 841 899 918 975
 766 (0.218893,0.859251)   8  56 75 228 361 405 408 454 612
 767 (0.514300,0.807775)   8  128 394 402 452 478 571 604 754
 768 (0.863744,0.178683)  11  39 180 194 262 374 453 649 715 801 863 993
 769 (0.239118,0.016815)   4  18 369 485 921
 770 (0.770920,0.110386)   8  200 218 389 558 611 648 853 936
 771 (0.637232,0.451515)   8  351 417 441 498 641 819 905 923
 772 (0.342176,0.096753)  11  48 117 131 155 193 284 300 398 436 540 620
 773 (0.650052,0.888748)  10  28 110 113 134 639 806 833 909 917 950
 774 (0.656971,0.561069)  12  3 64 146 271 421 425 473 727 780 821 927 974
 775 (0.956004,0.164352)  10  262 277 322 355 418 535 952 960 981 982
 776 (0.696523,0.520715)  12  3 145 217 271 338 473 498 562 727 780 891 927
 777 (0.739752,0.195122)   8  66 98 172 218 429 661 664 957
 778 (0.181167,0.467444)   6  412 475 484 725 736 893
 779 (0.631101,0.376984)   8  8 175 231 276 417 641 701 901
 780 (0.646637,0.523343)  17  3 64 145 217 271 351 421 425 473 498 727 774 776 821 891 927 974
 781 (0.564197,0.281153)   5  102 168 181 427 464
 782 (0.265732,0.303608)  12  130 203 290 312 461 487 548 676 815 854 915 958
 783 (0.084412,0.520201)   8  44 91 163 384 569 635 688 827
 784 (0.445505,0.962255)  11  29 63 120 150 246 326 459 568 623 928 961
 785 (0.824322,0.824164)  11  143 199 249 304 336 410 445 718 795 824 837
 786 (0.715323,0.626672)   5  146 583 597 633 970
 787 (0.429699,0.455423)  10  164 233 248 325 440 451 666 793 838 944
 788 (0.201148,0.361960)  13  161 214 295 312 381 399 407 667 679 763 800 861 966
 789 (0.150015,0.993896)   6  317 340 380 564 654 963
 790 (0.736576,0.466879)   9  116 313 331 338 401 557 562 578 891
 791 (0.665568,0.234427)   8  45 66 172 419 560 908 942 991
 792 (0.514097,0.182081)  15  11 73 100 182 282 395 474 518 691 805 818 866 884 955 978
 793 (0.429135,0.489891)  12  54 164 233 289 440 596 666 687 742 787 944 988
 794 (0.058591,0.229420)  11  34 114 341 368 465 575 615 625 728 896 919
 795 (0.808753,0.858834)  12  143 199 227 249 336 586 718 724 739 785 824 992
 796 (0.945314,0.259739)   8  15 77 85 208 387 488 746 979
 797 (0.591380,0.958769)  13  12 72 132 134 176 259 376 406 581 616 630 716 930
 798 (0.852730,0.681890)  10  225 334 428 491 550 605 714 744 864 1000
 799 (0.726618,0.256949)  14  45 66 302 419 429 560 617 664 672 802 937 942 957 991
 800 (0.193196,0.366827)  14  161 214 295 381 399 407 667 679 730 736 763 788 861 966
 801 (0.863972,0.155753)  12  39 180 194 262 374 579 649 715 768 863 952 993
 802 (0.746839,0.251787)  10  66 302 403 429 617 664 799 937 957 991
 803 (0.596247,0.672725)  10  124 148 272 343 590 663 759 911 956 959
 804 (0.014587,0.692153)   6  160 476 516 553 723 916
 805 (0.511526,0.187628)  14  11 73 100 182 282 395 474 518 691 792 818 866 884 955
 806 (0.631494,0.867317)   8  20 110 134 230 563 677 773 883
 807 (0.374043,0.238144)   7  83 379 734 810 906 933 953
 808 (0.444576,0.824690)  13  10 128 257 267 477 511 526 537 571 731 735 754 994
 809 (0.234144,0.238015)   9  203 235 356 363 551 722 765 815 918
 810 (0.393897,0.191415)   5  173 517 572 807 933
 811 (0.076477,0.830391)   7  81 210 223 456 845 865 943
 812 (0.910740,0.408484)   8  32 167 191 266 298 301 528 745
 813 (0.883568,0.588003)  14  115 122 202 286 348 385 500 530 550 605 655 721 726 729
 814 (0.018018,0.542234)   6  44 384 504 536 635 875
 815 (0.275800,0.257612)  12  151 190 203 235 290 356 461 551 676 722 782 809
 816 (0.826148,0.462594)   7  95 349 371 401 554 668 900
 817 (0.366924,0.509944)  10  52 354 521 547 596 666 764 858 880 924
 818 (0.495627,0.220045)  16  4 11 14 73 100 182 282 395 444 455 518 792 805 884 925 983
 819 (0.654010,0.443401)   7  331 351 498 641 771 891 905
 820 (0.340335,0.406368)  11  62 159 236 432 695 702 710 873 924 941 984
 821 (0.628529,0.537578)  11  64 271 421 425 473 619 727 774 780 927 974
 822 (0.031405,0.358353)   9  38 90 127 156 261 299 480 490 843
 823 (0.948602,0.904329)  10  60 135 140 258 345 350 409 508 693 757
 824 (0.795190,0.857552)  14  143 199 227 249 336 501 586 718 724 739 785 795 929 992
 825 (0.820947,0.315526)  12  76 244 365 388 403 472 585 601 650 697 755 947
 826 (0.414273,0.290817)   8  293 455 471 737 738 906 953 976
 827 (0.077597,0.474957)   7  44 91 163 384 536 688 783
 828 (0.758927,0.754608)   7  188 291 306 671 704 837 904
 829 (0.697185,0.706126)   7  152 188 291 392 411 448 513
 830 (0.012536,0.790332)   5  653 723 865 916 943
 831 (0.112961,0.645787)   7  25 69 502 539 599 660 964
 832 (0.610455,0.807726)  10  20 230 390 394 402 414 452 503 872 883
 833 (0.647885,0.933908)  15  6 28 84 110 113 134 176 330 376 616 630 639 773 909 917
 834 (0.961313,0.024727)  10  19 21 27 80 546 580 862 892 903 998
 835 (0.098543,0.725482)  10  43 157 296 357 359 422 516 640 657 708
 836 (0.408865,0.720240)   5  105 431 685 877 922
 837 (0.779335,0.795728)  13  143 199 227 249 306 336 445 671 704 718 724 785 828
 838 (0.431607,0.421401)  10  118 164 233 248 325 451 699 787 895 944
 839 (0.510572,0.892296)  12  10 112 149 245 259 335 511 537 538 735 980 996
 840 (0.441515,0.042062)   8  22 139 187 415 433 525 696 954
 841 (0.229127,0.158457)  14  2 205 303 308 356 363 438 462 497 626 659 765 899 975
 842 (0.826204,0.402828)  10  32 198 244 370 470 472 554 585 755 900
 843 (0.066789,0.327670)  10  38 127 156 397 490 507 541 567 651 822
 844 (0.883939,0.235069)  10  5 15 197 374 453 488 492 649 863 979
 845 (0.123068,0.846124)   8  75 81 109 210 344 386 456 811
 846 (0.123398,0.315546)   6  38 397 541 651 679 730
 847 (0.656470,0.633640)   7  68 297 343 392 590 663 970
 848 (0.738420,0.564913)  10  3 146 232 353 514 627 628 633 850 860
 849 (0.357608,0.885597)   8  119 229 273 346 447 678 732 972
 850 (0.792097,0.564624)  14  47 209 232 288 348 353 467 514 627 628 633 848 860 989
 851 (0.967741,0.424397)   7  167 191 301 528 745 760 855
 852 (0.213267,0.676036)  12  53 103 177 360 533 574 609 636 665 713 867 973
 853 (0.799693,0.090808)   9  213 389 493 558 579 611 648 770 936
 854 (0.270521,0.336665)  15  62 130 161 236 312 461 487 548 637 667 676 782 915 941 958
 855 (0.991581,0.456162)   5  158 167 269 301 851
 856 (0.724448,0.008941)   4  494 559 598 658
 857 (0.901578,0.349189)  10  1 77 133 141 179 298 527 529 694 938
 858 (0.341759,0.516545)   7  52 354 547 764 817 880 997
 859 (0.573565,0.869319)  11  132 335 402 452 478 632 670 677 872 883 930
 860 (0.773586,0.555026)  11  232 288 353 467 514 627 628 633 848 850 989
 861 (0.192581,0.373258)  14  161 214 295 381 399 407 667 679 730 736 763 788 800 966
 862 (0.960127,0.044108)  11  19 21 27 80 294 546 580 834 892 903 998
 863 (0.891690,0.184162)  11  180 194 262 277 374 649 715 768 801 844 952
 864 (0.829420,0.684575)   8  225 334 428 491 550 744 798 1000
 865 (0.053049,0.793268)   7  81 223 296 811 830 916 943
 866 (0.533351,0.171179)  15  11 73 86 100 358 395 474 512 518 691 792 805 884 955 978
 867 (0.201121,0.626614)  11  69 279 292 332 502 574 599 609 713 733 852
 868 (0.662587,0.306938)   9  74 302 419 523 614 672 902 940 991
 869 (0.726205,0.393702)   7  116 154 378 578 690 931 995
 870 (0.999871,0.622714)   4  237 373 587 743
 871 (0.351045,0.617895)  10  26 67 142 362 450 576 610 709 719 926
 872 (0.577864,0.829291)  12  20 230 394 402 452 478 503 632 670 832 859 883
 873 (0.307289,0.404094)  12  62 159 166 236 323 432 695 702 710 820 941 984
 874 (0.411163,0.111215)   9  22 117 139 311 333 517 540 674 717
 875 (0.000470,0.508410)   6  31 44 536 635 814 939
 876 (0.030708,0.073750)   8  35 147 242 314 342 499 520 646
 877 (0.418153,0.726675)   7  105 431 561 685 836 922 994
 878 (0.902112,0.030579)   6  19 80 211 546 881 892
 879 (0.696464,0.769198)   7  152 188 463 513 522 750 977
 880 (0.344570,0.479976)   6  354 547 702 817 858 924
 881 (0.859871,0.003754)   6  94 211 607 621 878 885
 882 (0.173292,0.755734)  16  36 43 53 221 270 275 422 481 486 592 593 636 638 706 740 948
 883 (0.591191,0.860341)  14  20 132 230 394 402 452 478 632 670 677 806 832 859 872
 884 (0.512164,0.204000)  16  11 73 100 182 282 395 474 518 691 792 805 818 866 925 955 983
 885 (0.829484,0.009344)   6  94 211 213 607 621 881
 886 (0.587016,0.414276)  11  17 231 417 424 483 565 701 901 905 923 969
 887 (0.234579,0.525949)   5  88 319 412 458 531
 888 (0.778542,0.931587)   7  41 170 339 367 586 686 929
 889 (0.894251,0.094450)   9  19 39 80 186 294 309 355 493 952
 890 (0.529702,0.951834)  12  12 97 112 259 310 335 406 538 716 758 761 980
 891 (0.687321,0.485443)  14  3 145 217 331 338 351 473 498 562 776 780 790 819 927
 892 (0.954791,0.041866)  12  19 21 27 80 294 546 580 834 862 878 903 998
 893 (0.155834,0.516805)   7  383 475 489 531 569 584 778
 894 (0.494787,0.541807)   8  264 281 426 687 700 742 898 988
 895 (0.456142,0.390413)  10  118 178 248 325 396 451 552 699 838 897
 896 (0.042754,0.273329)   7  127 465 507 567 662 794 919
 897 (0.473394,0.350393)   6  178 552 692 737 738 895
 898 (0.484863,0.572456)   8  59 99 264 426 482 545 700 894
 899 (0.225163,0.160715)  12  2 205 303 363 438 462 582 626 659 765 841 975
 900 (0.835836,0.439654)   8  32 95 349 370 401 554 816 842
 901 (0.614322,0.380997)  10  8 175 231 276 417 565 701 779 886 987
 902 (0.677520,0.330622)   6  74 276 614 672 868 940
 903 (0.981461,0.070464)   9  21 27 294 423 580 834 862 892 998
 904 (0.771410,0.720273)   7  188 291 306 491 671 828 1000
 905 (0.603951,0.454854)   9  351 417 424 441 565 771 819 886 923
 906 (0.420857,0.256272)   7  14 444 455 807 826 933 976
 907 (0.292729,0.829114)  11  56 278 361 408 416 434 466 509 566 624 756
 908 (0.615569,0.256693)   6  168 181 285 523 791 940
 909 (0.695926,0.907051)  10  6 28 113 137 330 639 773 833 917 950
 910 (0.210110,0.293089)   6  203 381 468 763 915 958
 911 (0.587316,0.677386)  13  148 206 222 272 590 631 663 759 803 934 956 959 971
 912 (0.977515,0.981520)   4  135 409 435 693
 913 (0.013362,0.191267)   7  51 171 465 495 570 575 625
 914 (0.132241,0.398372)  11  13 37 185 214 399 407 549 651 730 736 946
 915 (0.237792,0.306091)  12  161 203 290 312 381 468 548 763 782 854 910 958
 916 (0.020380,0.747810)   9  296 516 553 640 657 723 804 830 865
 917 (0.655065,0.933718)  15  6 28 84 110 113 134 330 376 616 630 639 773 833 909 950
 918 (0.213142,0.230491)   7  89 203 356 363 626 765 809
 919 (0.040898,0.242381)   8  465 507 575 625 662 728 794 896
 920 (0.611104,0.190657)   7  285 358 512 532 577 691 968
 921 (0.212010,0.054260)   5  65 96 556 622 769
 922 (0.433648,0.743345)  11  105 267 431 437 477 526 561 588 836 877 994
 923 (0.589029,0.449802)   8  17 417 424 441 565 771 886 905
 924 (0.360351,0.454028)   6  666 702 817 820 880 984
 925 (0.491155,0.244094)  13  4 11 14 182 316 395 444 455 471 518 818 884 983
 926 (0.383520,0.573492)   9  52 142 354 377 450 521 719 753 871
 927 (0.684519,0.532053)  15  3 64 145 146 217 271 421 473 727 774 776 780 821 891 974
 928 (0.486475,0.994624)   9  63 97 310 459 568 758 761 784 961
 929 (0.764149,0.896529)   9  137 227 367 501 586 739 824 888 992
 930 (0.586313,0.920123)  14  12 72 110 132 134 176 259 335 376 581 630 677 797 859
 931 (0.737969,0.353178)   5  378 614 675 690 869
 932 (0.346331,0.946664)  11  24 70 93 119 121 174 207 229 542 600 732
 933 (0.374151,0.229124)   7  83 108 379 734 807 810 906
 934 (0.597272,0.729851)  14  57 58 148 222 390 411 414 503 522 631 911 956 959 971
 935 (0.520156,0.058669)   7  9 16 263 525 534 642 712
 936 (0.761177,0.083747)   9  200 389 494 558 598 611 648 770 853
 937 (0.724475,0.284305)  10  45 302 419 560 614 617 672 799 802 991
 938 (0.955199,0.347490)   8  77 129 133 298 527 694 760 857
 939 (0.003870,0.462445)   4  31 536 875 962
 940 (0.637483,0.301530)   8  8 74 175 181 523 868 902 908
 941 (0.294154,0.378020)  13  62 159 166 236 432 487 637 667 695 710 820 854 873
 942 (0.691568,0.234755)  12  45 66 98 172 302 419 560 664 791 799 957 991
 943 (0.031381,0.814310)   6  223 240 653 811 830 865
 944 (0.436690,0.452745)  10  164 233 248 325 440 451 666 787 793 838
 945 (0.318502,0.755857)   7  104 162 226 375 466 685 756
 946 (0.098615,0.391889)  10  13 37 185 480 490 541 549 651 730 914
 947 (0.800235,0.322371)  13  76 244 365 388 403 470 585 601 650 675 697 755 825
 948 (0.218301,0.736098)  11  36 103 337 360 372 481 593 636 706 882 973
 949 (0.693418,0.094389)   6  136 200 494 648 680 751
 950 (0.700392,0.909870)   9  6 28 113 137 330 639 773 909 917
 951 (0.970852,0.724800)   9  195 287 442 506 634 644 743 747 967
 952 (0.908699,0.137082)  12  39 186 194 262 277 309 355 775 801 863 889 960
 953 (0.362615,0.289354)   6  83 379 602 720 807 826
 954 (0.480656,0.007313)   7  9 187 415 525 642 696 840
 955 (0.528970,0.162850)  13  11 73 86 100 474 512 518 691 792 805 866 884 978
 956 (0.611725,0.698958)  14  57 148 222 343 392 411 590 631 663 803 911 934 959 971
 957 (0.743411,0.222389)  11  66 98 172 429 617 661 664 777 799 802 942
 958 (0.257238,0.312117)  12  130 203 290 312 461 548 676 763 782 854 910 915
 959 (0.608827,0.714263)  13  57 58 148 222 390 411 631 663 803 911 934 956 971
 960 (0.947188,0.165937)  10  262 277 322 355 418 535 775 952 981 982
 961 (0.449199,0.971442)  13  29 63 120 150 246 310 326 459 568 623 761 784 928
 962 (0.003618,0.427845)   5  31 90 261 299 939
 963 (0.173250,0.978169)   7  317 340 380 654 683 741 789
 964 (0.134292,0.615343)   8  25 69 82 196 279 502 599 831
 965 (0.126802,0.916661)   7  238 315 344 456 564 673 683
 966 (0.200558,0.391530)  10  161 214 295 399 407 667 736 788 800 861
 967 (0.927460,0.735630)   9  243 442 515 634 644 652 714 747 951
 968 (0.630925,0.147746)   5  252 532 577 595 920
 969 (0.557467,0.376659)  12  17 102 111 231 483 544 565 647 692 701 886 987
 970 (0.707071,0.634543)   7  68 146 583 597 633 786 847
 971 (0.575591,0.730717)  12  57 58 148 206 222 272 390 631 911 934 956 959
 972 (0.354829,0.841363)   5  273 346 466 678 849
 973 (0.249886,0.702394)  12  36 103 177 283 337 360 524 533 574 636 852 948
 974 (0.647379,0.555387)  11  3 64 271 421 425 473 727 774 780 821 927
 975 (0.232893,0.177346)  15  2 235 303 356 363 393 462 497 551 626 659 722 765 841 899
 976 (0.438023,0.278304)  10  4 14 293 444 455 471 737 738 826 906
 977 (0.703133,0.790360)   7  280 463 513 563 645 750 879
 978 (0.554005,0.145095)  12  73 86 100 252 358 474 512 532 691 792 866 955
 979 (0.912846,0.278725)  13  5 15 77 85 179 197 208 387 488 492 529 796 844
 980 (0.521078,0.908834)   7  112 259 335 538 839 890 996
 981 (0.986458,0.162732)   7  277 322 418 535 775 960 982
 982 (0.981118,0.168457)   7  277 322 418 535 775 960 981
 983 (0.464221,0.219351)  13  4 11 14 182 282 395 444 455 518 818 884 925 985
 984 (0.340078,0.419142)   7  159 432 695 702 820 873 924
 985 (0.446760,0.167355)   9  14 78 182 282 311 333 517 717 983
 986 (0.009711,0.894083)   4  23 240 305 707
 987 (0.564236,0.359607)  11  8 102 111 175 231 483 647 692 701 901 969
 988 (0.446079,0.530788)  10  54 289 440 482 521 596 687 742 793 894
 989 (0.802917,0.550694)  14  47 122 288 348 353 371 467 514 627 628 729 752 850 860
 990 (0.522339,0.427198)   7  17 178 274 396 424 544 647
 991 (0.699245,0.267138)  15  45 66 74 172 302 419 560 664 672 791 799 802 868 937 942
 992 (0.770045,0.862417)  10  227 336 501 586 718 724 739 795 824 929
 993 (0.846339,0.146005)   8  39 180 194 374 579 715 768 801
 994 (0.434493,0.779756)   9  128 267 477 526 561 571 808 877 922
 995 (0.756500,0.410576)  10  116 154 313 370 378 401 557 578 690 869
 996 (0.505612,0.880572)  12  10 112 149 245 335 511 537 538 735 754 839 980
 997 (0.310544,0.559417)   7  26 52 443 547 709 764 858
 998 (0.961270,0.027951)  10  19 21 27 80 546 580 834 862 892 903
 999 (0.307770,0.009789)   8  18 126 144 155 189 321 369 485
1000 (0.826556,0.731315)   7  225 306 445 491 798 864 904
