   1 (0.913555,0.234595)  35  3 15 29 42 44 57 62 70 76 112 166 178 186 188 190 201 210 217 260 288 295 313 317 338 351 356 360 369 407 412 421 434 486 489 496
   2 (0.672871,0.073494)  28  5 8 33 50 56 69 97 150 168 174 194 211 227 228 230 233 247 262 306 315 328 331 359 384 414 431 433 440
   3 (0.844450,0.148700)  47  1 8 9 15 19 29 33 42 44 56 57 62 70 76 85 150 174 186 188 190 215 227 228 257 260 288 295 304 306 315 317 329 331 333 338 351 356 360 369 407 412 421 433 434 486 489 496
   4 (0.064492,0.411336)  31  10 34 38 67 84 108 109 116 120 124 147 164 218 235 241 265 271 280 283 291 324 334 350 365 372 451 455 458 472 487 491
   5 (0.602518,0.130951)  32  2 8 26 50 69 97 99 102 150 168 174 194 208 211 230 233 247 262 290 296 328 359 364 384 414 431 433 440 445 477 497 498
   6 (0.487673,0.719843)  34  18 23 28 47 60 64 66 82 95 104 125 130 132 175 195 220 238 240 261 299 335 343 345 366 374 389 397 415 425 426 453 456 478 483
   7 (0.315746,0.884027)  44  18 40 43 48 53 55 59 88 90 118 128 133 137 140 143 149 160 177 197 206 212 240 279 282 289 292 335 340 345 347 362 376 383 389 396 397 398 400 401 404 427 459 469 494
   8 (0.728125,0.062255)  31  2 3 5 19 29 33 50 56 76 97 150 174 188 211 227 228 230 247 262 306 315 328 329 331 351 359 412 421 431 433 440
   9 (0.746258,0.229302)  36  3 33 42 44 50 57 62 63 76 85 92 166 174 186 193 194 203 211 228 257 260 262 295 320 338 351 360 364 384 385 392 412 433 445 446 496
  10 (0.118622,0.400996)  38  4 27 34 38 51 65 67 84 108 109 114 120 124 134 147 164 218 235 241 265 271 280 283 291 300 324 334 348 350 365 372 377 451 455 458 472 487 491
  11 (0.135749,0.590708)  32  65 94 108 109 114 124 135 139 145 156 164 184 198 207 214 221 222 237 266 270 271 283 293 301 357 372 420 437 439 451 468 493
  12 (0.378001,0.183114)  51  26 79 83 93 99 113 148 155 163 165 167 172 173 176 180 183 192 208 209 223 225 229 252 253 254 255 273 284 308 309 321 325 337 339 353 371 375 378 387 405 409 411 419 429 435 463 464 465 477 497 498
  13 (0.812333,0.738267)  42  14 17 21 32 77 115 129 151 157 171 213 231 239 251 264 274 276 277 281 305 310 322 346 355 370 399 403 410 413 416 418 424 432 442 447 450 452 460 462 470 474 475
  14 (0.721658,0.865674)  34  13 22 23 46 54 74 91 115 123 125 152 161 226 231 239 244 264 272 274 297 310 336 390 399 432 441 447 450 452 462 467 474 476 479
  15 (0.902957,0.128079)  41  1 3 19 29 33 42 44 56 57 62 70 76 188 190 205 210 215 227 228 260 288 304 315 317 329 331 333 351 356 360 369 407 412 421 430 433 434 486 489 492 496
  16 (0.622294,0.449783)  31  31 63 89 92 106 111 122 141 146 159 181 189 193 196 199 203 224 243 248 311 316 320 330 379 381 385 402 454 466 484 500
  17 (0.927929,0.649214)  30  13 21 32 61 77 98 100 110 151 171 204 213 219 251 277 281 322 327 355 370 388 403 410 418 424 442 460 475 488 499
  18 (0.357380,0.740916)  43  6 7 20 36 43 48 55 60 64 118 137 140 149 160 162 177 185 221 222 238 240 245 259 293 299 335 343 345 347 357 367 374 389 391 397 401 420 427 449 469 483 490 494
  19 (0.850780,0.063678)  32  3 8 15 29 33 56 62 76 150 188 190 205 215 227 228 230 247 304 306 315 329 331 333 351 360 407 412 421 430 433 489 492
  20 (0.239922,0.735382)  35  18 37 48 94 135 139 153 156 162 177 185 207 214 221 222 245 266 270 282 289 293 347 357 367 376 391 396 401 420 428 439 449 468 469 490
  21 (0.924030,0.663112)  33  13 17 32 61 77 98 100 110 151 171 204 213 219 251 276 277 281 322 327 355 370 382 388 403 410 418 424 442 450 460 475 488 499
  22 (0.801945,0.961580)  24  14 35 54 74 115 123 152 161 239 244 249 268 272 274 297 310 346 390 441 447 470 474 476 479
  23 (0.601056,0.826986)  35  6 14 28 46 47 66 74 91 104 105 125 130 132 157 175 226 238 244 261 263 278 285 297 336 366 389 390 425 432 452 453 456 462 467 483
  24 (0.791191,0.424239)  47  30 31 45 49 63 73 80 92 110 119 126 141 146 159 166 187 193 196 199 200 201 202 203 217 219 224 242 243 313 320 327 330 338 349 373 385 388 392 402 423 446 448 454 457 466 482 484
  25 (0.411363,0.528985)  33  36 52 58 64 95 96 103 127 131 136 154 162 181 184 195 216 220 250 259 267 294 302 319 326 342 343 368 379 380 406 426 449 471
  26 (0.476200,0.148572)  40  5 12 69 79 97 99 102 113 148 163 165 167 168 173 183 192 208 209 223 229 233 253 290 296 308 309 337 353 371 375 378 384 409 414 435 464 465 477 497 498
  27 (0.165155,0.262143)  41  10 38 51 67 71 81 83 116 120 121 134 147 169 172 176 179 180 218 225 235 241 265 280 291 298 307 321 325 341 348 365 377 387 411 429 443 463 472 487 491 495
  28 (0.592663,0.716122)  30  6 23 60 66 82 91 95 125 130 132 142 157 175 220 226 238 261 275 336 366 374 415 426 432 453 456 462 478 480 483
  29 (0.883953,0.089184)  40  1 3 8 15 19 33 42 44 56 57 62 70 76 150 188 190 205 215 227 228 260 288 304 306 315 329 331 333 351 356 360 369 407 412 421 430 433 434 489 492
  30 (0.925255,0.394608)  32  24 42 45 49 61 73 80 110 112 119 126 166 178 187 200 201 217 242 258 313 317 338 349 373 388 423 448 457 482 486 496 499
  31 (0.677702,0.485009)  37  16 24 92 106 119 126 129 141 142 146 159 193 196 199 202 203 224 243 248 311 316 320 330 349 379 381 385 402 413 416 423 454 466 480 482 484 500
  32 (0.916171,0.716447)  35  13 17 21 41 77 98 100 117 151 171 213 231 239 251 276 277 281 303 310 322 346 355 370 382 399 403 410 418 422 442 450 460 470 475 488
  33 (0.818848,0.089066)  42  2 3 8 9 15 19 29 44 50 56 57 62 76 150 174 186 188 190 211 215 227 228 230 247 257 260 295 304 306 315 329 331 333 351 360 407 412 421 431 433 489 492
  34 (0.013994,0.392371)  20  4 10 38 67 84 108 109 116 147 265 280 291 350 365 451 455 458 472 487 491
  35 (0.865018,0.984002)  23  22 54 101 115 123 152 161 244 249 268 269 272 274 287 310 346 422 441 447 470 476 479 481
  36 (0.351209,0.606657)  37  18 25 52 58 64 96 103 131 136 154 162 177 184 185 195 207 216 221 222 259 267 293 294 302 319 326 342 343 357 374 380 391 420 449 471 490 493
  37 (0.108493,0.748972)  35  20 39 59 78 94 135 139 145 153 156 158 185 198 214 222 236 237 245 266 286 289 293 301 312 314 347 357 363 367 408 428 439 444 468 473
  38 (0.073187,0.276464)  32  4 10 27 34 51 67 71 81 86 116 120 121 147 169 179 218 241 246 265 280 291 298 307 341 348 365 377 455 458 472 487 491
  39 (0.001266,0.786195)  19  37 78 145 170 198 214 234 236 237 266 286 301 312 314 344 394 408 444 473
  40 (0.233981,0.989357)  35  7 48 53 59 75 88 90 128 133 143 153 158 160 191 197 206 256 279 282 289 292 332 340 358 362 363 376 383 386 393 396 398 401 404 427
  41 (0.992911,0.820113)  19  32 77 101 117 249 268 269 287 303 310 322 346 382 410 422 447 460 470 481
  42 (0.875261,0.247975)  43  1 3 9 15 29 30 44 57 62 70 76 85 112 166 178 186 187 188 190 201 210 217 228 257 260 288 295 313 317 338 351 356 360 369 392 407 412 421 434 446 486 489 496
  43 (0.381728,0.857929)  42  7 18 47 48 53 55 60 88 104 105 118 137 140 143 149 160 177 197 206 212 238 240 279 282 292 299 335 340 345 362 389 396 397 400 401 425 427 459 469 483 485 494
  44 (0.804116,0.226470)  49  1 3 9 15 29 33 42 50 57 62 63 70 76 85 166 174 186 188 190 193 201 203 227 228 257 260 262 288 295 313 317 320 329 331 338 351 360 364 369 392 412 421 433 434 445 446 486 489 496
  45 (0.854632,0.490221)  45  24 30 49 61 73 80 100 110 119 126 141 146 159 171 187 196 200 201 202 204 217 219 242 251 258 277 313 327 330 349 355 373 388 402 403 423 442 448 454 457 466 482 484 488 499
  46 (0.606900,0.877302)  29  14 23 47 54 66 74 91 104 105 125 130 152 175 226 244 263 272 278 285 297 336 366 389 390 425 432 462 467 483
  47 (0.502934,0.855898)  40  6 23 43 46 53 55 60 66 88 91 104 105 107 118 137 140 149 175 212 226 238 240 263 278 285 292 299 335 336 345 366 389 397 400 425 459 467 483 485 494
  48 (0.276417,0.840881)  49  7 18 20 40 43 53 55 59 88 90 118 128 133 137 139 140 143 149 153 160 177 185 197 206 240 245 279 282 289 292 340 345 347 357 362 363 367 376 383 396 398 401 404 427 428 469 473 490 494
  49 (0.866660,0.495845)  46  24 30 45 61 73 80 98 100 110 119 126 141 146 159 171 187 196 200 201 202 204 217 219 242 251 258 277 313 327 330 349 355 373 388 402 403 423 442 448 454 457 466 482 484 488 499
  50 (0.676011,0.151678)  34  2 5 8 9 33 44 57 85 97 150 168 174 186 194 211 228 230 247 257 262 290 295 296 328 351 359 364 384 412 414 431 433 440 445
  51 (0.088856,0.248388)  32  10 27 38 67 71 81 86 116 120 121 147 169 179 218 225 241 246 265 280 291 298 307 321 341 348 365 377 429 458 472 487 491
  52 (0.353773,0.480127)  38  25 36 58 65 72 96 103 114 127 131 134 136 154 184 195 216 232 250 259 267 294 300 302 318 319 324 326 334 342 343 368 380 395 406 449 471 493 495
  53 (0.378148,0.943488)  38  7 40 43 47 48 55 88 90 104 107 118 133 137 140 143 149 160 197 206 212 278 279 282 292 340 345 362 389 396 400 401 404 425 427 459 483 485 494
  54 (0.738610,0.960674)  23  14 22 35 46 74 115 123 152 161 239 244 272 274 285 297 390 441 447 452 467 474 476 479
  55 (0.357429,0.881082)  43  7 18 43 47 48 53 88 90 104 118 133 137 140 143 149 160 197 206 212 238 240 279 282 292 299 335 340 345 362 376 389 396 397 400 401 404 425 427 459 469 483 485 494
  56 (0.799386,0.015026)  29  2 3 8 15 19 29 33 76 150 188 215 227 228 230 247 304 306 315 329 331 333 359 407 421 431 433 440 489 492
  57 (0.801555,0.224089)  48  1 3 9 15 29 33 42 44 50 62 63 70 76 85 166 174 186 188 190 193 203 227 228 257 260 262 288 295 313 317 320 329 331 338 351 360 364 369 392 412 421 433 434 445 446 486 489 496
  58 (0.376927,0.475397)  36  25 36 52 65 72 93 96 103 127 131 134 136 154 181 184 189 195 216 232 250 259 267 294 300 302 318 319 326 342 368 380 395 406 449 471 495
  59 (0.166704,0.890411)  43  7 37 40 48 75 90 128 133 143 153 158 170 191 206 214 236 256 279 282 286 289 312 314 332 344 347 354 358 362 363 367 376 383 386 393 396 398 401 404 408 428 469 473
  60 (0.472477,0.730700)  34  6 18 28 43 47 64 66 82 95 104 105 130 132 162 175 195 220 238 240 261 299 335 343 345 366 374 389 397 425 426 453 456 478 483
  61 (0.955524,0.544852)  30  17 21 30 45 49 73 77 80 98 100 110 171 200 204 219 251 258 277 281 327 355 373 388 403 423 442 448 457 488 499
  62 (0.833899,0.211087)  46  1 3 9 15 19 29 33 42 44 57 70 76 85 166 178 186 188 190 227 228 257 260 262 288 295 313 317 329 331 338 351 356 360 364 369 392 407 412 421 433 434 445 446 486 489 496
  63 (0.691374,0.312953)  30  9 16 24 44 57 85 89 92 166 186 193 194 199 203 243 257 262 290 295 296 311 320 338 364 384 385 392 402 445 446
  64 (0.425934,0.633284)  34  6 18 25 36 60 95 96 131 154 162 177 181 184 195 216 220 221 238 240 259 299 302 335 342 343 374 391 397 420 426 449 471 478 490
  65 (0.226113,0.492928)  41  10 11 52 58 67 84 96 103 114 124 131 134 154 164 184 207 216 221 222 232 235 241 267 270 271 283 294 300 318 319 324 326 334 342 372 380 420 449 455 493 495
  66 (0.537043,0.802861)  33  6 23 28 46 47 60 91 104 105 125 130 132 175 226 238 240 261 263 278 299 335 336 345 366 374 389 397 425 453 456 462 467 483
  67 (0.108682,0.392817)  36  4 10 27 34 38 51 65 84 108 109 114 120 124 134 147 164 218 235 241 265 271 280 283 291 324 334 348 350 365 372 377 455 458 472 487 491
  68 (0.383339,0.009520)  24  79 102 113 138 148 163 165 167 173 182 183 209 229 233 252 253 255 284 308 371 375 378 435 438
  69 (0.533561,0.064206)  26  2 5 26 97 99 102 113 163 167 168 183 208 209 211 229 233 290 308 328 359 414 431 440 477 497 498
  70 (0.937670,0.217238)  34  1 3 15 29 42 44 57 62 76 112 166 178 188 190 201 210 260 288 295 313 317 338 351 356 360 369 407 412 421 430 434 486 489 496
  71 (0.220606,0.224934)  41  27 38 51 79 81 83 120 121 144 147 155 169 172 176 179 180 218 223 225 235 241 252 265 280 298 307 321 325 339 341 348 375 377 387 405 411 429 443 463 487 495
  72 (0.377159,0.363604)  41  52 58 83 93 96 103 111 122 127 131 134 136 155 176 180 189 223 232 250 254 267 273 294 300 318 319 326 337 339 353 368 380 395 405 406 411 419 463 464 465 495
  73 (0.850522,0.446719)  45  24 30 45 49 61 80 110 112 119 126 141 146 159 166 171 187 193 196 200 201 202 217 219 242 258 277 313 320 327 330 338 349 373 388 392 402 423 442 448 454 457 466 482 484 499
  74 (0.717863,0.914202)  29  14 22 23 46 54 91 115 123 152 161 226 231 239 244 264 272 274 285 297 336 390 432 441 447 452 467 474 476 479
  75 (0.166465,0.959204)  34  40 59 90 128 133 143 153 158 170 191 197 206 256 279 282 286 289 314 332 344 354 358 362 363 376 383 386 393 396 398 401 404 428 473
  76 (0.839537,0.101202)  45  1 3 8 9 15 19 29 33 42 44 56 57 62 70 150 174 186 188 190 215 227 228 230 247 257 260 288 295 304 306 315 329 331 333 351 356 360 407 412 421 430 433 434 489 492
  77 (0.923721,0.700026)  32  13 17 21 32 41 61 98 100 117 151 171 204 213 251 276 277 281 303 310 322 346 355 370 382 403 410 418 442 450 460 475 488
  78 (0.023409,0.777207)  23  37 39 94 145 156 158 170 198 214 234 236 237 266 286 301 312 314 344 394 408 428 444 473
  79 (0.318440,0.144328)  52  12 26 68 71 87 99 113 121 138 148 155 163 165 167 169 172 173 176 180 182 183 192 208 209 223 225 229 252 253 255 284 307 308 321 323 325 339 341 353 371 375 378 387 409 411 429 435 438 443 463 465 497
  80 (0.924960,0.400568)  33  24 30 45 49 61 73 110 112 119 126 146 166 178 187 200 201 217 242 258 313 317 327 338 349 373 388 423 448 457 482 486 496 499
  81 (0.140811,0.168962)  36  27 38 51 71 86 87 116 120 121 144 147 169 176 179 218 225 246 252 265 280 291 298 307 321 323 325 341 348 352 377 387 429 436 443 461 487
  82 (0.591047,0.642823)  29  6 28 60 95 125 129 130 132 142 157 175 181 195 220 224 261 275 366 374 379 413 415 416 426 453 456 462 478 480
  83 (0.314770,0.307276)  39  12 27 71 72 93 120 121 127 134 155 172 173 176 180 223 225 232 235 241 250 254 273 318 324 339 341 353 387 395 405 406 409 411 419 429 463 464 465 495
  84 (0.128165,0.430584)  36  4 10 34 65 67 108 109 114 120 124 134 147 164 218 235 241 265 267 271 280 283 291 300 318 324 334 350 365 372 451 455 458 472 487 491 493
  85 (0.744025,0.238492)  35  3 9 42 44 50 57 62 63 92 166 174 186 193 194 203 211 228 243 257 260 262 295 320 338 351 360 364 384 385 392 412 433 445 446 496
  86 (0.007301,0.151575)  12  38 51 81 116 144 179 246 298 352 361 417 436
  87 (0.207791,0.062464)  25  79 81 121 138 144 165 169 179 182 252 253 255 284 298 307 321 323 325 352 375 378 429 438 443 461
  88 (0.382819,0.932261)  39  7 40 43 47 48 53 55 90 104 105 107 118 133 137 140 143 149 160 197 206 212 238 278 279 282 292 340 345 362 389 397 400 401 425 427 459 483 485 494
  89 (0.552143,0.348601)  26  16 63 92 93 106 111 122 127 189 194 199 203 243 248 290 296 309 311 316 337 381 384 385 414 464 500
  90 (0.231426,0.973867)  37  7 40 48 53 55 59 75 88 118 128 133 143 153 158 160 191 197 206 256 279 282 289 292 332 340 358 362 363 376 383 386 393 396 398 401 404 427
  91 (0.575084,0.866913)  29  14 23 28 46 47 66 74 104 105 107 125 130 132 175 226 238 263 278 285 297 336 366 389 390 425 453 467 483 485
  92 (0.655877,0.359591)  36  9 16 24 31 63 85 89 106 111 122 141 146 159 189 193 194 199 203 243 248 262 296 311 316 320 330 364 381 384 385 392 402 445 446 466 500
  93 (0.404450,0.319108)  38  12 58 72 83 89 99 111 122 127 136 155 172 173 176 180 189 192 223 232 250 254 273 309 337 339 353 368 395 405 406 409 411 419 463 464 465 495 497
  94 (0.105405,0.663178)  31  11 20 37 78 124 135 139 145 156 198 207 214 222 236 237 245 266 270 283 293 301 312 347 357 367 372 428 437 439 451 468
  95 (0.511166,0.612241)  24  6 25 28 60 64 82 132 175 181 195 220 261 275 302 343 374 379 381 415 426 453 456 471 478
  96 (0.381572,0.488224)  36  25 36 52 58 64 65 72 103 127 131 136 154 181 184 189 195 216 232 250 259 267 294 300 302 318 319 326 342 343 368 380 395 406 449 471 495
  97 (0.595439,0.063309)  23  2 5 8 26 50 69 102 150 168 174 211 230 233 247 290 328 359 384 414 431 440 477 498
  98 (0.960842,0.612998)  25  17 21 32 49 61 77 100 110 171 204 219 251 258 277 281 327 355 370 373 388 403 418 442 488 499
  99 (0.462091,0.170522)  42  5 12 26 69 79 93 102 113 148 155 163 165 167 168 172 173 183 192 208 209 223 229 253 273 290 296 308 309 337 353 371 375 378 409 414 419 435 464 465 477 497 498
 100 (0.930222,0.616719)  29  17 21 32 45 49 61 77 98 110 151 171 204 213 219 251 258 277 281 327 355 370 373 388 403 418 442 475 488 499
 101 (0.972589,0.866541)  19  35 41 117 249 268 269 287 303 310 322 346 382 410 422 447 460 470 479 481
 102 (0.489630,0.035627)  26  5 26 68 69 97 99 113 163 165 167 168 183 208 209 229 233 253 284 308 328 371 378 435 477 497 498
 103 (0.279897,0.483755)  42  25 36 52 58 65 72 96 114 127 131 134 136 154 164 184 207 216 221 232 235 250 259 267 270 271 283 294 300 318 319 324 326 334 342 368 380 395 406 420 449 493 495
 104 (0.478782,0.871203)  43  6 23 43 46 47 53 55 60 66 88 91 105 107 118 137 140 149 160 175 212 226 238 240 263 278 285 292 299 335 336 340 345 366 389 397 400 425 427 459 467 483 485 494
 105 (0.523851,0.875335)  34  23 43 46 47 60 66 88 91 104 107 137 140 175 212 226 238 240 263 278 285 292 299 335 336 345 366 389 397 400 425 459 467 483 485
 106 (0.547064,0.439625)  23  16 31 89 92 111 122 127 136 181 189 199 224 243 248 302 311 316 368 379 381 385 406 500
 107 (0.484201,0.985942)  20  47 53 88 91 104 105 137 140 212 263 278 285 292 340 345 389 400 425 459 485
 108 (0.045858,0.477286)  20  4 10 11 34 67 84 109 124 164 271 283 350 365 372 437 451 455 458 472 491
 109 (0.056343,0.456790)  24  4 10 11 34 67 84 108 114 124 164 241 271 283 291 334 350 365 372 437 451 455 458 472 491
 110 (0.852483,0.535488)  56  17 21 24 30 45 49 61 73 80 98 100 119 126 129 141 146 151 159 171 187 196 200 202 204 213 217 219 242 251 258 277 281 305 327 330 349 355 370 373 388 402 403 413 416 418 423 424 442 448 454 457 466 482 484 488 499
 111 (0.512914,0.336240)  29  16 72 89 92 93 106 122 127 189 192 248 250 254 273 290 296 309 311 316 337 353 368 384 406 414 419 464 465 500
 112 (0.940545,0.331266)  28  1 30 42 70 73 80 166 178 187 200 201 210 217 242 258 260 288 313 317 338 356 369 373 434 448 457 486 496
 113 (0.406691,0.036765)  33  12 26 68 69 79 99 102 138 148 163 165 167 173 182 183 208 209 229 233 252 253 255 284 308 371 375 378 409 435 438 477 497 498
 114 (0.211576,0.487609)  36  10 11 52 65 67 84 103 109 124 131 134 154 164 184 207 216 232 235 241 267 270 271 283 294 300 318 319 324 326 334 342 372 380 455 493 495
 115 (0.770890,0.890892)  33  13 14 22 35 54 74 123 152 161 231 239 244 264 268 272 274 297 310 322 346 390 399 432 441 447 450 452 467 470 474 475 476 479
 116 (0.022707,0.257433)  22  4 27 34 38 51 81 86 120 147 218 246 265 280 291 298 348 365 377 458 472 487 491
 117 (0.964896,0.827234)  22  32 41 77 101 239 249 268 269 287 303 310 322 346 382 410 422 447 460 470 475 479 481
 118 (0.347682,0.875191)  46  7 18 43 47 48 53 55 88 90 104 128 133 137 140 143 149 160 177 197 206 212 238 240 279 282 292 299 335 340 345 362 376 389 396 397 398 400 401 404 425 427 459 469 483 485 494
 119 (0.792922,0.477809)  47  24 30 31 45 49 73 80 110 126 129 141 146 159 171 187 193 196 200 201 202 217 219 224 242 243 277 305 313 320 327 330 349 373 388 392 402 403 413 416 423 442 448 454 457 466 482 484
 120 (0.163474,0.288227)  44  4 10 27 38 51 67 71 81 83 84 116 121 134 147 169 176 179 218 225 235 241 265 280 291 298 307 321 324 334 341 348 365 377 387 411 429 443 455 458 463 472 487 491 495
 121 (0.206456,0.199612)  38  27 38 51 71 79 81 83 87 120 144 147 155 169 172 176 179 180 218 223 225 252 255 265 280 298 307 321 325 341 348 375 377 387 411 429 443 463 487
 122 (0.514574,0.375050)  25  16 72 89 92 93 106 111 127 136 181 189 199 248 250 273 309 311 316 337 368 381 406 419 464 500
 123 (0.775836,0.977347)  20  14 22 35 54 74 115 152 161 239 244 268 272 274 297 390 441 447 474 476 479
 124 (0.090504,0.537282)  24  4 10 11 65 67 84 94 108 109 114 135 145 164 237 270 271 283 301 350 372 437 451 455 493
 125 (0.632483,0.740731)  34  6 14 23 28 46 66 82 91 129 130 132 142 157 175 226 231 261 264 275 276 336 366 399 413 415 416 432 452 453 456 462 467 478 480
 126 (0.804580,0.438186)  45  24 30 31 45 49 73 80 110 119 141 146 159 166 187 193 196 200 201 202 203 217 219 224 242 243 277 313 320 327 330 338 349 373 385 388 392 402 423 446 448 454 457 466 482 484
 127 (0.412472,0.425405)  41  25 52 58 72 83 89 93 96 103 106 111 122 131 136 154 181 189 232 248 250 254 267 273 294 300 302 316 318 319 326 339 342 368 380 395 405 406 419 471 495 500
 128 (0.218540,0.968054)  35  7 40 48 59 75 90 118 133 143 153 158 160 191 197 206 256 279 282 286 289 332 340 358 362 363 376 383 386 393 396 398 401 404 427 473
 129 (0.726412,0.618929)  46  13 31 82 110 119 125 130 141 142 151 157 159 171 196 202 213 219 224 251 261 275 276 277 281 305 327 330 355 370 399 403 413 415 416 418 423 424 432 442 450 454 462 466 480 482 484
 130 (0.625017,0.733115)  34  6 23 28 46 60 66 82 91 125 129 132 142 157 175 226 231 261 264 275 276 336 366 399 413 415 416 432 452 453 456 462 467 478 480
 131 (0.343104,0.502248)  44  25 36 52 58 64 65 72 96 103 114 127 134 136 154 162 164 184 195 216 221 232 250 259 267 294 300 302 318 319 324 326 334 342 343 368 380 391 395 406 420 449 471 493 495
 132 (0.596276,0.715521)  29  6 23 28 60 66 82 91 95 125 130 142 157 175 220 226 261 275 336 366 374 415 416 426 432 453 456 462 478 480
 133 (0.270396,0.975587)  35  7 40 48 53 55 59 75 88 90 118 128 137 140 143 149 153 160 197 206 279 282 289 292 340 362 363 376 383 386 396 398 401 404 427 494
 134 (0.242979,0.400856)  47  10 27 52 58 65 67 72 83 84 103 114 120 131 154 164 180 218 232 235 241 250 254 265 267 271 283 294 300 318 319 324 326 334 339 341 365 380 395 405 406 411 455 463 472 487 493 495
 135 (0.153707,0.682868)  33  11 20 37 94 124 139 145 156 185 198 207 214 221 222 236 237 245 266 270 293 301 312 347 357 367 372 420 428 437 439 468 490 493
 136 (0.400992,0.461520)  36  25 36 52 58 72 93 96 103 106 122 127 131 154 181 184 189 195 232 250 254 267 294 300 302 316 318 319 326 342 368 380 395 406 419 471 495
 137 (0.368910,0.880119)  43  7 18 43 47 48 53 55 88 104 105 107 118 133 140 143 149 160 197 206 212 238 240 279 282 292 299 335 340 345 362 376 389 396 397 400 401 425 427 459 469 483 485 494
 138 (0.301797,0.026009)  25  68 79 87 113 148 163 165 167 182 183 229 252 253 255 284 308 323 325 371 375 378 435 438 443 461
 139 (0.194634,0.712014)  35  11 20 37 48 94 135 145 156 162 177 185 207 214 221 222 236 237 245 266 270 289 293 301 312 347 357 367 391 420 428 439 449 468 469 490
 140 (0.382367,0.898073)  43  7 18 43 47 48 53 55 88 104 105 107 118 133 137 143 149 160 197 206 212 238 240 278 279 282 292 299 335 340 345 362 389 396 397 400 401 425 427 459 469 483 485 494
 141 (0.741530,0.465030)  44  16 24 31 45 49 73 92 110 119 126 129 146 159 171 187 193 196 199 200 202 203 219 224 242 243 277 311 320 327 330 349 385 388 392 402 413 416 423 442 446 454 466 482 484
 142 (0.687601,0.625346)  37  28 31 82 125 129 130 132 151 157 171 196 213 219 224 261 275 276 277 305 330 370 379 399 413 415 416 424 432 442 453 454 456 462 466 478 480 484
 143 (0.298929,0.895237)  40  7 40 43 48 53 55 59 75 88 90 118 128 133 137 140 149 153 160 197 206 279 282 289 292 340 345 362 363 376 383 386 396 398 400 401 404 427 459 469 494
 144 (0.147899,0.088593)  22  71 81 86 87 121 169 179 246 252 255 298 307 321 323 325 352 361 417 429 436 443 461
 145 (0.086866,0.667839)  28  11 37 39 78 94 124 135 139 156 198 207 214 222 236 237 245 266 270 301 312 357 367 372 428 437 439 451 468
 146 (0.775356,0.449696)  47  16 24 31 45 49 73 80 92 110 119 126 141 159 166 171 187 193 196 199 200 201 202 203 217 219 224 242 243 277 313 320 327 330 349 373 385 388 392 402 423 442 446 448 454 466 482 484
 147 (0.114602,0.281500)  37  4 10 27 34 38 51 67 71 81 84 116 120 121 169 179 218 225 235 241 246 265 280 291 298 307 321 341 348 365 377 387 429 455 458 472 487 491
 148 (0.379853,0.157724)  49  12 26 68 79 99 113 138 155 163 165 167 172 173 176 180 183 192 208 209 223 229 252 253 254 255 273 284 308 309 321 325 337 339 353 371 375 378 387 405 409 411 419 429 435 464 465 477 497 498
 149 (0.347769,0.856132)  41  7 18 43 47 48 53 55 88 104 118 133 137 140 143 160 177 197 206 212 238 240 279 282 292 299 335 340 345 362 376 389 396 397 400 401 425 427 459 469 483 494
 150 (0.746530,0.067455)  33  2 3 5 8 19 29 33 50 56 76 97 174 188 211 227 228 230 247 257 262 306 315 328 329 331 351 359 360 412 421 431 433 440
 151 (0.783070,0.646698)  42  13 17 21 32 77 100 110 129 142 157 171 202 213 219 231 251 264 275 276 277 281 305 322 327 355 370 399 403 413 416 418 423 424 432 442 450 454 462 475 480 484 488
 152 (0.751370,0.894429)  32  14 22 35 46 54 74 115 123 161 226 231 239 244 264 272 274 297 310 322 346 390 399 432 441 447 450 452 467 470 474 476 479
 153 (0.156048,0.869936)  43  20 37 40 48 59 75 90 128 133 143 158 170 191 214 236 245 256 282 286 289 312 314 332 344 347 358 362 363 367 376 383 386 393 394 396 398 401 404 408 428 444 469 473
 154 (0.314537,0.526726)  45  25 36 52 58 64 65 96 103 114 127 131 134 136 162 164 184 195 207 216 221 222 232 250 259 267 270 271 294 300 302 318 319 324 326 334 342 343 368 380 391 406 420 449 471 493
 155 (0.344125,0.270650)  41  12 71 72 79 83 93 99 121 148 163 172 173 176 180 192 208 223 225 232 250 254 273 309 321 337 339 341 353 375 387 395 405 409 411 419 429 463 464 465 495 497
 156 (0.151436,0.694390)  31  11 20 37 78 94 135 139 145 185 198 207 214 221 222 236 237 245 266 270 293 301 312 347 357 367 420 428 437 439 468 490
 157 (0.684450,0.691894)  34  13 23 28 82 125 129 130 132 142 151 213 226 231 261 264 275 276 305 366 370 399 413 415 416 418 424 432 450 452 453 456 462 478 480
 158 (0.126782,0.897966)  36  37 40 59 75 78 90 128 153 170 191 234 236 256 282 286 289 312 314 332 344 354 358 362 363 376 383 386 393 394 396 398 404 408 428 444 473
 159 (0.761845,0.467519)  47  16 24 31 45 49 73 92 110 119 126 129 141 146 171 187 193 196 199 200 201 202 203 217 219 224 242 243 277 313 320 327 330 349 373 385 388 392 402 413 416 423 442 446 454 466 482 484
 160 (0.338591,0.878152)  47  7 18 40 43 48 53 55 88 90 104 118 128 133 137 140 143 149 177 197 206 212 238 240 279 282 292 299 335 340 345 362 376 383 389 396 397 398 400 401 404 425 427 459 469 483 485 494
 161 (0.792395,0.917892)  29  14 22 35 54 74 115 123 152 231 239 244 249 264 268 272 274 297 310 322 346 390 422 441 447 452 470 474 476 479
 162 (0.337455,0.653128)  39  18 20 25 36 60 64 131 139 154 177 184 185 195 207 216 221 222 240 245 259 293 299 302 319 326 335 342 343 347 357 367 374 391 420 449 468 471 490 493
 163 (0.404878,0.136520)  41  12 26 68 69 79 99 102 113 138 148 155 165 167 168 172 173 180 183 192 208 209 223 229 252 253 255 284 308 309 337 353 371 375 378 409 435 464 465 477 497 498
 164 (0.188542,0.488891)  37  4 10 11 65 67 84 103 108 109 114 124 131 134 154 184 207 216 235 241 267 270 271 283 294 300 318 319 324 326 334 365 372 380 455 491 493 495
 165 (0.347518,0.089327)  39  12 26 68 79 87 99 102 113 138 148 163 167 172 173 182 183 192 208 209 223 229 252 253 255 284 308 321 323 325 353 371 375 378 409 435 438 443 497 498
 166 (0.828414,0.315324)  46  1 9 24 30 42 44 57 62 63 70 73 80 85 112 126 146 178 186 187 193 200 201 203 217 242 243 257 260 295 313 317 320 338 349 351 364 369 385 392 412 434 446 448 457 486 496
 167 (0.386857,0.109362)  40  12 26 68 69 79 99 102 113 138 148 163 165 172 173 182 183 192 208 209 223 229 252 253 255 284 308 309 325 353 371 375 378 409 435 438 464 465 477 497 498
 168 (0.556846,0.167005)  33  2 5 26 50 69 97 99 102 163 174 192 194 208 209 211 229 233 262 290 296 309 328 337 353 384 414 431 445 464 465 477 497 498
 169 (0.193476,0.179252)  38  27 38 51 71 79 81 87 120 121 144 147 172 176 179 180 218 223 225 252 255 265 280 298 307 321 323 325 341 348 375 377 387 411 429 443 461 463 487
 170 (0.027254,0.894302)  24  39 59 75 78 153 158 191 234 236 256 286 289 312 314 332 344 354 358 363 393 394 408 444 473
 171 (0.820133,0.598353)  52  13 17 21 32 45 49 61 73 77 98 100 110 119 129 141 142 146 151 159 196 200 202 204 213 219 251 276 277 281 305 327 330 349 355 370 388 399 403 413 416 418 423 424 442 450 454 466 475 480 482 484 488
 172 (0.315773,0.215796)  49  12 27 71 79 83 93 99 121 148 155 163 165 167 169 173 176 180 192 208 209 223 225 252 253 254 255 273 307 321 325 339 341 353 371 375 387 395 405 409 411 419 429 435 443 463 464 465 495 497
 173 (0.383193,0.167651)  51  12 26 68 79 83 93 99 113 148 155 163 165 167 172 176 180 183 192 208 209 223 229 252 253 254 255 273 284 308 309 321 325 337 339 353 371 375 378 387 405 409 411 419 429 435 463 464 465 477 497 498
 174 (0.687680,0.144187)  39  2 3 5 8 9 33 44 50 57 76 85 97 150 168 186 194 211 227 228 230 247 257 262 290 295 296 315 328 331 351 359 364 384 412 414 431 433 440 445
 175 (0.531121,0.770050)  37  6 23 28 46 47 60 66 82 91 95 104 105 125 130 132 226 238 240 261 263 275 299 335 336 345 366 374 389 397 415 425 453 456 462 467 478 483
 176 (0.277013,0.244527)  47  12 27 71 72 79 81 83 93 120 121 148 155 169 172 173 180 218 223 225 232 235 241 252 254 265 273 307 321 325 339 341 348 353 375 377 387 395 405 409 411 419 429 443 463 465 487 495
 177 (0.311192,0.724596)  41  7 18 20 36 43 48 64 118 139 149 160 162 184 185 207 216 221 222 238 240 245 259 293 299 335 343 347 357 367 374 391 397 401 420 427 439 449 468 469 490 494
 178 (0.949302,0.304268)  26  1 30 42 62 70 80 112 166 187 190 201 210 217 242 260 288 313 317 338 356 369 434 448 457 486 496
 179 (0.138829,0.131325)  30  27 38 51 71 81 86 87 120 121 144 147 169 225 246 252 255 298 307 321 323 325 341 348 352 361 377 429 436 443 461
 180 (0.322950,0.265074)  42  12 27 71 72 79 83 93 121 134 148 155 163 169 172 173 176 192 223 225 232 235 254 273 321 325 337 339 341 353 375 387 395 405 409 411 419 429 463 464 465 495 497
 181 (0.520064,0.522021)  29  16 25 58 64 82 95 96 106 122 127 136 189 195 199 220 224 248 302 311 316 368 379 381 406 415 426 471 478 500
 182 (0.298976,0.010630)  23  68 79 87 113 138 165 167 183 229 252 253 255 284 308 323 325 371 375 378 435 438 443 461
 183 (0.409261,0.051185)  33  12 26 68 69 79 99 102 113 138 148 163 165 167 173 182 208 209 229 233 252 253 255 284 308 371 375 378 409 435 438 477 497 498
 184 (0.292071,0.575989)  44  11 25 36 52 58 64 65 96 103 114 131 136 154 162 164 177 185 207 216 221 222 259 267 270 271 283 293 294 300 318 319 326 342 343 357 380 391 420 439 449 468 471 490 493
 185 (0.255157,0.720453)  34  18 20 36 37 48 135 139 156 162 177 184 207 214 216 221 222 245 259 266 270 293 343 347 357 367 391 401 420 428 439 449 468 469 490
 186 (0.775781,0.241373)  40  1 3 9 33 42 44 50 57 62 63 76 85 166 174 193 194 203 211 228 257 260 262 295 313 317 320 338 351 360 364 385 392 412 421 433 434 445 446 486 496
 187 (0.880257,0.393986)  41  24 30 42 45 49 73 80 110 112 119 126 141 146 159 166 178 193 196 200 201 202 217 242 258 313 317 327 338 349 373 388 392 402 423 446 448 454 457 482 486 496
 188 (0.851778,0.098731)  42  1 3 8 15 19 29 33 42 44 56 57 62 70 76 150 190 215 227 228 247 257 260 288 295 304 306 315 329 331 333 351 356 360 369 407 412 421 430 433 434 489 492
 189 (0.506447,0.400321)  27  16 58 72 89 92 93 96 106 111 122 127 136 181 199 248 250 302 311 316 337 368 379 381 406 419 464 500
 190 (0.916007,0.150754)  40  1 3 15 19 29 33 42 44 57 62 70 76 178 188 210 215 227 228 260 288 295 304 315 317 329 331 333 351 356 360 369 407 412 421 430 434 486 489 492 496
 191 (0.109361,0.915708)  34  40 59 75 90 128 153 158 170 234 236 256 282 286 289 312 314 332 344 354 358 362 363 376 383 386 393 394 396 398 404 408 428 444 473
 192 (0.451506,0.208078)  39  12 26 79 93 99 111 148 155 163 165 167 168 172 173 180 208 209 223 229 254 273 290 296 309 337 339 353 371 375 405 409 414 419 435 464 465 477 497 498
 193 (0.726743,0.364518)  42  9 16 24 31 44 57 63 73 85 92 119 126 141 146 159 166 186 187 196 199 201 203 242 243 257 295 311 313 320 330 338 349 364 385 392 402 445 446 454 466 482 484
 194 (0.636161,0.227287)  28  2 5 9 50 63 85 89 92 168 174 186 203 211 257 262 290 295 296 309 320 364 384 385 392 414 433 445 446
 195 (0.449451,0.607000)  31  6 25 36 52 58 60 64 82 95 96 131 136 154 162 181 216 220 259 302 335 342 343 368 374 379 391 426 449 456 471 478
 196 (0.758504,0.487939)  41  16 24 31 45 49 73 110 119 126 129 141 142 146 159 171 187 193 199 200 202 219 224 242 243 277 305 320 327 330 349 388 392 402 413 416 423 442 454 466 482 484
 197 (0.326018,0.955898)  36  7 40 43 48 53 55 75 88 90 118 128 133 137 140 143 149 160 206 212 279 282 292 340 345 362 376 383 396 398 400 401 404 427 459 485 494
 198 (0.007321,0.674511)  16  11 37 39 78 94 135 145 156 214 236 237 266 301 312 437 451
 199 (0.638693,0.435379)  33  16 24 31 63 89 92 106 122 141 146 159 181 189 193 196 203 224 243 248 311 316 320 330 379 381 385 392 402 454 466 482 484 500
 200 (0.871606,0.458827)  42  24 30 45 49 61 73 80 110 112 119 126 141 146 159 166 171 187 196 201 202 204 217 219 242 258 277 313 327 349 373 388 402 403 423 442 448 454 457 466 482 488 499
 201 (0.882589,0.365436)  40  1 24 30 42 44 45 49 70 73 80 112 119 126 146 159 166 178 187 193 200 217 242 258 260 313 317 338 349 369 373 388 392 423 434 446 448 457 482 486 496
 202 (0.799897,0.507768)  45  24 31 45 49 73 110 119 126 129 141 146 151 159 171 187 196 200 213 217 219 224 242 251 277 305 327 330 349 355 373 388 402 403 413 416 423 424 442 448 454 457 466 482 484 488
 203 (0.686114,0.332040)  35  9 16 24 31 44 57 63 85 89 92 126 141 146 159 166 186 193 194 199 243 257 262 295 296 311 320 338 364 384 385 392 402 445 446 500
 204 (0.972436,0.558401)  26  17 21 45 49 61 77 98 100 110 171 200 219 251 258 281 327 355 373 388 403 423 442 448 457 488 499
 205 (0.995707,0.012132)  11  15 19 29 215 304 329 333 407 430 489 492
 206 (0.287938,0.979758)  35  7 40 43 48 53 55 59 75 88 90 118 128 133 137 140 143 149 160 197 279 282 292 340 362 376 383 386 396 398 400 401 404 427 459 494
 207 (0.232912,0.634400)  43  11 20 36 65 94 103 114 135 139 145 154 156 162 164 177 184 185 214 216 221 222 245 259 266 267 270 271 283 293 319 342 343 347 357 367 372 391 420 439 449 468 490 493
 208 (0.447511,0.159544)  40  5 12 26 69 79 99 102 113 148 155 163 165 167 168 172 173 183 192 209 223 229 253 273 290 296 308 309 337 353 371 375 378 409 414 435 464 465 477 497 498
 209 (0.438585,0.115501)  38  12 26 68 69 79 99 102 113 148 163 165 167 168 172 173 183 192 208 223 229 233 253 284 308 309 337 353 371 375 378 409 414 435 464 465 477 497 498
 210 (0.999836,0.247408)  18  1 15 42 70 112 178 190 260 288 317 356 360 369 430 434 486 489 496
 211 (0.667312,0.124699)  34  2 5 8 9 33 50 69 85 97 150 168 174 186 194 228 230 247 257 262 290 296 328 331 351 359 364 384 412 414 431 433 440 445 477
 212 (0.447541,0.972273)  29  7 43 47 53 55 88 104 105 107 118 137 140 149 160 197 263 278 279 285 292 340 345 389 400 425 427 459 485 494
 213 (0.805810,0.663018)  39  13 17 21 32 77 100 110 129 142 151 157 171 202 219 231 251 264 276 277 281 305 322 327 355 370 399 403 413 416 418 424 432 442 450 452 462 475 480 488
 214 (0.136831,0.735479)  39  11 20 37 39 59 78 94 135 139 145 153 156 185 198 207 222 236 237 245 266 270 286 289 293 301 312 314 347 357 363 367 408 428 439 444 468 469 473 490
 215 (0.952030,0.038722)  23  3 15 19 29 33 56 76 188 190 205 227 304 315 329 331 333 356 360 407 421 430 489 492
 216 (0.297418,0.584342)  42  25 36 52 58 64 65 96 103 114 131 154 162 164 177 184 185 195 207 221 222 259 267 270 293 294 300 302 318 319 326 342 343 357 380 391 420 439 449 468 471 490 493
 217 (0.895023,0.390615)  36  1 24 30 42 45 49 73 80 110 112 119 126 146 159 166 178 187 200 201 202 242 258 313 317 327 338 349 373 388 392 423 448 457 482 486 496
 218 (0.154224,0.297255)  41  4 10 27 38 51 67 71 81 84 116 120 121 134 147 169 176 225 235 241 265 280 291 298 307 321 324 334 341 348 365 377 387 411 429 455 458 463 472 487 491 495
 219 (0.831751,0.562335)  52  17 21 24 45 49 61 73 98 100 110 119 126 129 141 142 146 151 159 171 196 200 202 204 213 242 251 258 276 277 281 305 327 330 349 355 370 373 388 402 403 413 416 418 423 424 442 454 466 482 484 488 499
 220 (0.515314,0.601765)  24  6 25 28 60 64 82 95 132 181 195 261 275 302 316 343 374 379 381 415 426 453 456 471 478
 221 (0.269527,0.637561)  39  11 18 20 36 64 65 103 131 135 139 154 156 162 177 184 185 207 216 222 245 259 267 270 293 294 319 326 342 343 347 357 367 391 420 439 449 468 490 493
 222 (0.225353,0.652146)  40  11 18 20 36 37 65 94 135 139 145 154 156 162 177 184 185 207 214 216 221 245 259 266 270 283 293 342 343 347 357 367 372 391 420 439 449 468 469 490 493
 223 (0.337244,0.221558)  49  12 26 71 72 79 83 93 99 121 148 155 163 165 167 169 172 173 176 180 192 208 209 225 252 253 254 273 309 321 325 337 339 341 353 371 375 387 395 405 409 411 419 429 435 443 463 464 465 497
 224 (0.676283,0.522772)  38  16 24 31 82 106 119 126 129 141 142 146 159 181 196 199 202 243 248 275 277 305 311 316 330 349 379 381 402 413 415 416 423 454 466 480 482 484 500
 225 (0.236488,0.232267)  42  12 27 51 71 79 81 83 120 121 147 155 169 172 176 179 180 218 223 235 241 252 254 265 273 280 307 321 325 339 341 348 375 377 387 395 405 411 429 443 463 487 495
 226 (0.612173,0.830507)  35  14 23 28 46 47 66 74 91 104 105 125 130 132 152 157 175 244 261 263 264 278 285 297 336 366 389 390 425 432 452 453 456 462 467 483
 227 (0.820026,0.068239)  36  2 3 8 15 19 29 33 44 56 57 62 76 150 174 188 190 215 228 230 247 304 306 315 329 331 333 351 360 407 412 421 431 433 440 489 492
 228 (0.794602,0.127487)  48  2 3 8 9 15 19 29 33 42 44 50 56 57 62 76 85 150 174 186 188 190 211 227 230 247 257 260 262 295 304 306 315 329 331 333 351 359 360 364 407 412 421 431 433 434 445 489 496
 229 (0.432271,0.089553)  37  12 26 68 69 79 99 102 113 138 148 163 165 167 168 173 182 183 192 208 209 233 252 253 255 284 308 309 353 371 375 378 409 435 465 477 497 498
 230 (0.705800,0.019955)  24  2 5 8 19 33 50 56 76 97 150 174 211 227 228 247 306 315 328 329 331 359 431 433 440
 231 (0.779633,0.769515)  36  13 14 32 74 115 125 130 151 152 157 161 213 239 264 272 274 276 281 305 310 322 346 370 390 399 413 418 424 432 447 450 452 462 470 474 475
 232 (0.311111,0.382082)  42  52 58 65 72 83 93 96 103 114 127 131 134 136 154 155 176 180 235 241 250 254 267 273 294 300 318 319 324 326 334 339 341 368 380 387 395 405 406 411 419 463 495
 233 (0.542727,0.016121)  19  2 5 26 68 69 97 102 113 168 183 209 229 308 328 359 431 440 477 498
 234 (0.001782,0.923284)  20  39 78 158 170 191 236 256 286 312 314 332 344 354 358 363 393 394 408 444 473
 235 (0.212589,0.362753)  47  4 10 27 65 67 71 83 84 103 114 120 134 147 164 176 180 218 225 232 241 254 265 267 271 280 291 294 300 318 324 334 339 341 348 365 377 387 395 405 411 429 455 463 472 487 491 495
 236 (0.084360,0.796384)  39  37 39 59 78 94 135 139 145 153 156 158 170 191 198 214 234 237 245 256 266 286 289 301 312 314 332 344 347 363 367 376 383 394 408 428 439 444 468 473
 237 (0.050771,0.644860)  22  11 37 39 78 94 124 135 139 145 156 198 214 236 266 270 301 312 372 437 439 451 468
 238 (0.452306,0.790159)  38  6 18 23 28 43 47 55 60 64 66 88 91 104 105 118 137 140 149 160 175 177 240 263 292 299 335 336 345 366 374 389 397 425 427 453 456 483 494
 239 (0.816339,0.830404)  40  13 14 22 32 54 74 115 117 123 152 161 231 244 249 264 268 269 272 274 276 303 310 322 346 370 390 399 410 418 422 432 441 447 450 452 460 470 474 475 479
 240 (0.414376,0.763417)  36  6 7 18 43 47 48 55 60 64 66 104 105 118 137 140 149 160 162 175 177 238 292 299 335 343 345 374 389 391 397 425 427 469 483 490 494
 241 (0.172242,0.359066)  44  4 10 27 38 51 65 67 71 83 84 109 114 120 134 147 164 176 218 225 232 235 265 271 280 283 291 300 318 324 334 341 348 365 377 387 395 411 455 458 463 472 487 491 495
 242 (0.846525,0.416158)  42  24 30 45 49 73 80 110 112 119 126 141 146 159 166 178 187 193 196 200 201 202 217 219 258 313 317 320 327 338 349 373 388 392 402 423 446 448 454 457 466 482 496
 243 (0.686701,0.384831)  37  16 24 31 63 85 89 92 106 119 126 141 146 159 166 193 196 199 203 224 248 311 316 320 330 349 364 381 385 392 402 445 446 454 466 482 484 500
 244 (0.721820,0.930884)  27  14 22 23 35 46 54 74 115 123 152 161 226 239 264 272 274 285 297 336 390 441 447 452 467 474 476 479
 245 (0.212542,0.737472)  37  18 20 37 48 94 135 139 145 153 156 162 177 185 207 214 221 222 236 266 270 289 293 312 347 357 367 376 391 396 401 420 428 439 468 469 473 490
 246 (0.029691,0.174126)  18  38 51 81 86 116 144 147 179 280 291 298 307 348 352 361 377 417 436
 247 (0.721044,0.028882)  25  2 5 8 19 33 50 56 76 97 150 174 188 211 227 228 230 306 315 328 329 331 359 431 433 440
 248 (0.567876,0.444067)  22  16 31 89 92 106 111 122 127 181 189 199 224 243 302 311 316 330 368 379 381 385 500
 249 (0.937543,0.893285)  24  22 35 41 101 117 161 239 268 269 274 287 303 310 322 346 382 410 422 447 460 470 474 479 481
 250 (0.387948,0.414400)  38  25 52 58 72 83 93 96 103 111 122 127 131 134 136 154 155 189 232 254 267 273 294 300 302 318 319 326 339 342 368 380 395 405 406 419 463 471 495
 251 (0.860225,0.624245)  40  13 17 21 32 45 49 61 77 98 100 110 129 151 171 202 204 213 219 276 277 281 305 322 327 355 370 388 399 403 413 416 418 423 424 442 450 454 475 488 499
 252 (0.278116,0.109768)  43  12 68 71 79 81 87 113 121 138 144 148 163 165 167 169 172 173 176 179 182 183 223 225 229 253 255 284 307 308 321 323 325 341 371 375 378 387 409 429 435 438 443 461
 253 (0.345285,0.072767)  36  12 26 68 79 87 99 102 113 138 148 163 165 167 172 173 182 183 208 209 223 229 252 255 284 308 321 323 325 371 375 378 409 435 438 443 497
 254 (0.361717,0.307807)  40  12 72 83 93 111 127 134 136 148 155 172 173 176 180 192 223 225 232 235 250 273 309 318 337 339 341 353 387 395 405 406 409 411 419 429 463 464 465 495 497
 255 (0.283894,0.066328)  34  12 68 79 87 113 121 138 144 148 163 165 167 169 172 173 179 182 183 229 252 253 284 308 321 323 325 371 375 378 429 435 438 443 461
 256 (0.101648,0.929593)  32  40 59 75 90 128 153 158 170 191 234 236 286 289 312 314 332 344 354 358 363 376 383 386 393 394 396 398 404 408 428 444 473
 257 (0.751873,0.221437)  39  3 9 33 42 44 50 57 62 63 76 85 150 166 174 186 188 193 194 203 211 228 260 262 295 320 331 338 351 360 364 384 385 392 412 421 433 445 446 496
 258 (0.959613,0.489596)  27  30 45 49 61 73 80 98 100 110 112 187 200 201 204 217 219 242 313 327 373 388 403 423 448 457 488 499
 259 (0.343993,0.612098)  36  18 25 36 52 58 64 96 103 131 154 162 177 184 185 195 207 216 221 222 267 293 294 302 319 326 342 343 357 374 380 391 420 449 471 490 493
 260 (0.845682,0.237729)  43  1 3 9 15 29 33 42 44 57 62 70 76 85 112 166 178 186 188 190 201 210 228 257 288 295 313 317 338 351 356 360 364 369 392 407 412 421 433 434 446 486 489 496
 261 (0.599364,0.689278)  29  6 23 28 60 66 82 95 125 129 130 132 142 157 175 220 226 275 366 374 413 415 416 426 432 453 456 462 478 480
 262 (0.684865,0.207398)  35  2 5 8 9 44 50 57 62 63 85 92 150 168 174 186 194 203 211 228 257 290 295 296 320 351 364 384 385 392 412 414 431 433 445 446
 263 (0.545536,0.883258)  26  23 46 47 66 91 104 105 107 175 212 226 238 278 285 297 336 345 366 389 397 400 425 459 467 483 485
 264 (0.755606,0.786513)  36  13 14 74 115 125 130 151 152 157 161 213 226 231 239 244 272 274 276 281 305 310 322 370 390 399 418 424 432 441 447 450 452 462 467 474 475
 265 (0.136991,0.297409)  42  4 10 27 34 38 51 67 71 81 84 116 120 121 134 147 169 176 218 225 235 241 280 291 298 307 321 324 334 341 348 365 377 387 411 429 455 458 463 472 487 491 495
 266 (0.104695,0.715219)  35  11 20 37 39 78 94 135 139 145 156 185 198 207 214 222 236 237 245 270 286 289 293 301 312 314 347 357 367 408 428 437 439 444 468 473
 267 (0.276110,0.480984)  43  25 36 52 58 65 72 84 96 103 114 127 131 134 136 154 164 184 207 216 221 232 235 250 259 270 271 283 294 300 318 319 324 326 334 342 368 380 395 406 420 449 493 495
 268 (0.909507,0.950376)  23  22 35 41 101 115 117 123 161 239 249 269 272 274 287 303 310 346 422 441 447 470 479 481
 269 (0.952948,0.875474)  21  35 41 101 117 239 249 268 274 287 303 310 322 346 382 410 422 447 460 470 479 481
 270 (0.170261,0.594371)  39  11 20 65 94 103 114 124 135 139 145 154 156 164 184 185 207 214 216 221 222 237 245 266 267 271 283 293 300 301 357 372 391 420 437 439 449 451 468 493
 271 (0.157774,0.498484)  34  4 10 11 65 67 84 103 108 109 114 124 134 154 164 184 207 235 241 267 270 283 294 300 318 319 324 334 350 365 372 451 455 491 493
 272 (0.758731,0.925867)  27  14 22 35 46 54 74 115 123 152 161 231 239 244 264 268 274 297 310 390 441 447 452 467 470 474 476 479
 273 (0.380884,0.294765)  37  12 72 83 93 99 111 122 127 148 155 172 173 176 180 192 208 223 225 232 250 254 309 337 339 353 387 395 405 406 409 411 419 463 464 465 495 497
 274 (0.795893,0.863426)  37  13 14 22 35 54 74 115 123 152 161 231 239 244 249 264 268 269 272 276 297 303 310 322 346 390 399 422 432 441 447 450 452 470 474 475 476 479
 275 (0.641087,0.656994)  31  28 82 95 125 129 130 132 142 151 157 175 220 224 261 276 305 366 379 399 413 415 416 424 426 432 453 456 462 478 480 484
 276 (0.775749,0.705399)  39  13 21 32 77 125 129 130 142 151 157 171 213 219 231 239 251 264 274 275 277 281 305 322 355 370 399 403 413 416 418 424 432 442 450 452 462 474 475 480
 277 (0.813802,0.594035)  53  13 17 21 32 45 49 61 73 77 98 100 110 119 126 129 141 142 146 151 159 171 196 200 202 213 219 224 251 276 281 305 327 330 349 355 370 388 399 403 413 416 418 423 424 442 450 454 466 475 480 482 484 488
 278 (0.532468,0.946010)  25  23 46 47 53 66 88 91 104 105 107 140 212 226 263 285 297 336 345 389 400 425 459 467 483 485
 279 (0.299771,0.971576)  36  7 40 43 48 53 55 59 75 88 90 118 128 133 137 140 143 149 160 197 206 212 282 292 340 362 376 383 386 396 398 400 401 404 427 459 494
 280 (0.092519,0.291199)  33  4 10 27 34 38 51 67 71 81 84 116 120 121 147 169 218 225 235 241 246 265 291 298 307 341 348 365 377 455 458 472 487 491
 281 (0.871878,0.680655)  36  13 17 21 32 61 77 98 100 110 129 151 171 204 213 219 231 251 264 276 277 305 322 327 355 370 399 403 410 413 418 424 442 450 460 475 488
 282 (0.266341,0.888412)  46  7 20 40 43 48 53 55 59 75 88 90 118 128 133 137 140 143 149 153 158 160 191 197 206 279 289 292 332 340 345 347 362 363 367 376 383 386 396 398 401 404 427 428 469 473 494
 283 (0.154625,0.512964)  34  4 10 11 65 67 84 94 103 108 109 114 124 134 164 184 207 222 241 267 270 271 294 300 318 319 324 334 350 365 372 451 455 491 493
 284 (0.337649,0.042090)  28  12 68 79 87 102 113 138 148 163 165 167 173 182 183 209 229 252 253 255 308 323 325 371 375 378 435 438 443
 285 (0.593811,0.968427)  22  23 46 47 54 74 91 104 105 107 212 226 244 263 278 297 336 390 400 459 467 476 485
 286 (0.106999,0.870117)  35  37 39 59 75 78 128 153 158 170 191 214 234 236 256 266 289 312 314 332 344 354 358 363 376 383 386 393 394 396 398 404 408 428 444 473
 287 (0.988100,0.893582)  18  35 41 101 117 249 268 269 303 310 346 382 410 422 447 460 470 479 481
 288 (0.940003,0.199518)  32  1 3 15 29 42 44 57 62 70 76 112 178 188 190 210 260 317 329 333 338 351 356 360 369 407 412 421 430 434 486 489 496
 289 (0.161316,0.859978)  45  7 20 37 40 48 59 75 90 128 133 139 143 153 158 170 191 214 236 245 256 266 282 286 312 314 332 344 347 358 362 363 367 376 383 386 393 396 398 401 404 408 428 444 469 473
 290 (0.574237,0.206344)  28  5 26 50 63 69 89 97 99 111 168 174 192 194 208 211 262 296 309 337 364 384 414 445 464 465 477 497 498
 291 (0.087930,0.315941)  29  4 10 27 34 38 51 67 81 84 109 116 120 147 218 235 241 246 265 280 307 341 348 365 377 455 458 472 487 491
 292 (0.372942,0.911886)  45  7 40 43 47 48 53 55 88 90 104 105 107 118 133 137 140 143 149 160 197 206 212 238 240 279 282 299 335 340 345 362 376 389 396 397 400 401 404 425 427 459 469 483 485 494
 293 (0.248434,0.681741)  36  11 18 20 36 37 94 135 139 156 162 177 184 185 207 214 216 221 222 245 259 266 270 342 343 347 357 367 391 420 428 439 449 468 469 490 493
 294 (0.284367,0.479942)  40  25 36 52 58 65 72 96 103 114 127 131 134 136 154 164 184 216 221 232 235 250 259 267 271 283 300 318 319 324 326 334 342 368 380 395 406 420 449 493 495
 295 (0.782003,0.236534)  42  1 3 9 33 42 44 50 57 62 63 70 76 85 166 174 186 188 190 193 194 203 228 257 260 262 313 317 320 338 351 360 364 385 392 412 421 433 434 445 446 486 496
 296 (0.575323,0.224370)  28  5 26 50 63 89 92 99 111 168 174 192 194 203 208 211 262 290 309 337 364 384 414 445 464 465 477 497 498
 297 (0.679460,0.943320)  24  14 22 23 46 54 74 91 115 123 152 161 226 244 263 272 274 278 285 336 390 441 452 467 476
 298 (0.096512,0.149560)  30  27 38 51 71 81 86 87 116 120 121 144 147 169 179 218 246 265 280 307 321 325 348 352 361 377 417 429 436 443 461
 299 (0.430714,0.767391)  34  6 18 43 47 55 60 64 66 104 105 118 137 140 149 160 162 175 177 238 240 292 335 343 345 366 374 389 397 425 427 469 483 490 494
 300 (0.259260,0.469455)  40  10 52 58 65 72 84 96 103 114 127 131 134 136 154 164 184 216 232 235 241 250 267 270 271 283 294 318 319 324 326 334 342 372 380 395 406 449 455 493 495
 301 (0.061447,0.679148)  24  11 37 39 78 94 124 135 139 145 156 198 214 236 237 266 270 312 372 408 428 437 439 451 468
 302 (0.449132,0.543628)  36  25 36 52 58 64 95 96 106 127 131 136 154 162 181 189 195 216 220 248 250 259 316 319 326 342 343 368 374 379 380 381 406 426 449 471 478
 303 (0.949397,0.843450)  24  32 41 77 101 117 239 249 268 269 274 287 310 322 346 382 410 422 447 460 470 474 475 479 481
 304 (0.915682,0.024455)  24  3 15 19 29 33 56 76 188 190 205 215 227 228 306 315 329 331 333 360 407 421 430 489 492
 305 (0.767998,0.628857)  43  13 110 119 129 142 151 157 171 196 202 213 219 224 231 251 264 275 276 277 281 327 330 355 370 399 403 413 415 416 418 423 424 432 442 450 454 462 466 475 480 482 484 488
 306 (0.786770,0.012195)  27  2 3 8 19 29 33 56 76 150 188 227 228 230 247 304 315 328 329 331 333 359 407 421 431 433 440 492
 307 (0.174015,0.198711)  35  27 38 51 71 79 81 87 120 121 144 147 169 172 176 179 218 225 246 252 265 280 291 298 321 325 341 348 375 377 387 411 429 443 463 487
 308 (0.396248,0.046030)  33  12 26 68 69 79 99 102 113 138 148 163 165 167 173 182 183 208 209 229 233 252 253 255 284 371 375 378 409 435 438 477 497 498
 309 (0.481650,0.235462)  35  12 26 89 93 99 111 122 148 155 163 167 168 173 192 194 208 209 223 229 254 273 290 296 337 339 353 384 409 414 419 464 465 477 497 498
 310 (0.877859,0.845380)  37  13 14 22 32 35 41 77 101 115 117 152 161 231 239 249 264 268 269 272 274 287 303 322 346 382 399 410 422 441 447 450 452 460 470 474 475 479
 311 (0.589657,0.431047)  27  16 31 63 89 92 106 111 122 141 181 189 193 199 203 224 243 248 316 320 330 379 381 385 402 466 484 500
 312 (0.078912,0.793542)  38  37 39 59 78 94 135 139 145 153 156 158 170 191 198 214 234 236 237 245 256 266 286 289 301 314 332 344 347 363 367 383 394 408 428 439 444 468 473
 313 (0.869835,0.357655)  45  1 24 30 42 44 45 49 57 62 70 73 80 112 119 126 146 159 166 178 186 187 193 200 201 217 242 258 260 295 317 320 338 349 369 373 388 392 423 434 446 448 457 482 486 496
 314 (0.059904,0.865681)  30  37 39 59 75 78 153 158 170 191 214 234 236 256 266 286 289 312 332 344 354 358 363 383 386 393 394 408 428 444 473
 315 (0.805736,0.043850)  34  2 3 8 15 19 29 33 56 76 150 174 188 190 215 227 228 230 247 304 306 329 331 333 351 359 360 407 412 421 431 433 440 489 492
 316 (0.556366,0.456152)  24  16 31 89 92 106 111 122 127 136 181 189 199 220 224 243 248 302 311 330 368 379 381 426 500
 317 (0.911711,0.287386)  35  1 3 15 30 42 44 57 62 70 80 112 166 178 186 187 190 201 210 217 242 260 288 295 313 338 351 356 360 369 412 434 448 457 486 496
 318 (0.279311,0.434226)  40  52 58 65 72 83 84 96 103 114 127 131 134 136 154 164 184 216 232 235 241 250 254 267 271 283 294 300 319 324 326 334 342 368 380 395 405 406 463 493 495
 319 (0.301531,0.501368)  45  25 36 52 58 65 72 96 103 114 127 131 134 136 154 162 164 184 207 216 221 232 250 259 267 271 283 294 300 302 318 324 326 334 342 343 368 380 391 395 406 420 449 471 493 495
 320 (0.718433,0.358223)  41  9 16 24 31 44 57 63 73 85 92 119 126 141 146 159 166 186 193 194 196 199 203 242 243 257 262 295 311 313 330 338 349 364 385 392 402 445 446 454 466 482
 321 (0.227767,0.171366)  41  12 27 51 71 79 81 87 120 121 144 147 148 155 165 169 172 173 176 179 180 218 223 225 252 253 255 265 298 307 323 325 341 348 375 377 387 411 429 443 461 463
 322 (0.859023,0.778337)  42  13 17 21 32 41 77 101 115 117 151 152 161 213 231 239 249 251 264 269 274 276 281 303 310 346 355 370 382 399 410 418 422 424 432 447 450 452 460 470 474 475 479
 323 (0.223904,0.033504)  23  79 81 87 138 144 165 169 179 182 252 253 255 284 321 325 352 371 375 378 435 438 443 461
 324 (0.215216,0.415390)  40  4 10 52 65 67 83 84 103 114 120 131 134 154 164 218 232 235 241 265 267 271 283 294 300 318 319 326 334 341 365 372 380 395 455 463 472 487 491 493 495
 325 (0.234488,0.135615)  42  12 27 71 79 81 87 121 138 144 148 165 167 169 172 173 176 179 180 182 223 225 252 253 255 284 298 307 321 323 341 348 371 375 377 378 387 411 429 435 438 443 461
 326 (0.320890,0.494527)  41  25 36 52 58 65 72 96 103 114 127 131 134 136 154 162 164 184 216 221 232 250 259 267 294 300 302 318 319 324 334 342 343 368 380 395 406 420 449 471 493 495
 327 (0.849616,0.536020)  55  17 21 24 45 49 61 73 80 98 100 110 119 126 129 141 146 151 159 171 187 196 200 202 204 213 217 219 242 251 258 277 281 305 330 349 355 370 373 388 402 403 413 416 418 423 424 442 448 454 457 466 482 484 488 499
 328 (0.636984,0.039322)  20  2 5 8 50 69 97 102 150 168 174 211 230 233 247 306 359 431 433 440 477
 329 (0.852751,0.077383)  37  3 8 15 19 29 33 44 56 57 62 76 150 188 190 205 215 227 228 230 247 288 304 306 315 331 333 351 356 360 407 412 421 430 433 434 489 492
 330 (0.707386,0.496007)  44  16 24 31 45 49 73 92 110 119 126 129 141 142 146 159 171 193 196 199 202 219 224 243 248 277 305 311 316 320 327 349 379 381 385 402 413 416 423 442 454 466 480 482 484
 331 (0.817659,0.076655)  39  2 3 8 15 19 29 33 44 56 57 62 76 150 174 188 190 211 215 227 228 230 247 257 304 306 315 329 333 351 359 360 407 412 421 431 433 440 489 492
 332 (0.110887,0.922602)  34  40 59 75 90 128 153 158 170 191 234 236 256 282 286 289 312 314 344 354 358 362 363 376 383 386 393 394 396 398 404 408 428 444 473
 333 (0.911397,0.052147)  26  3 15 19 29 33 56 76 188 190 205 215 227 228 288 304 306 315 329 331 356 360 407 421 430 489 492
 334 (0.212270,0.431777)  39  4 10 52 65 67 84 103 109 114 120 131 134 154 164 218 232 235 241 265 267 271 283 294 300 318 319 324 326 365 372 380 395 455 463 472 487 491 493 495
 335 (0.417129,0.761013)  36  6 7 18 43 47 55 60 64 66 104 105 118 137 140 149 160 162 175 177 195 238 240 292 299 343 345 374 389 391 397 425 427 469 483 490 494
 336 (0.588167,0.849254)  31  14 23 28 46 47 66 74 91 104 105 125 130 132 175 226 238 244 263 278 285 297 366 389 390 425 432 453 456 462 467 483
 337 (0.471099,0.269880)  35  12 26 72 89 93 99 111 122 148 155 163 168 173 180 189 192 208 209 223 254 273 290 296 309 339 353 384 405 409 414 419 464 465 497 498
 338 (0.838396,0.295553)  44  1 3 9 24 30 42 44 57 62 63 70 73 80 85 112 126 166 178 186 187 193 201 203 217 242 257 260 288 295 313 317 320 349 351 360 364 369 392 412 434 446 448 486 496
 339 (0.345262,0.288758)  40  12 71 72 79 83 93 127 134 148 155 172 173 176 180 192 223 225 232 235 250 254 273 309 337 341 353 375 387 395 405 406 409 411 419 429 463 464 465 495 497
 340 (0.346535,0.949283)  37  7 40 43 48 53 55 88 90 104 107 118 128 133 137 140 143 149 160 197 206 212 279 282 292 345 362 376 389 396 398 400 401 404 427 459 485 494
 341 (0.218155,0.256659)  46  27 38 51 71 79 81 83 120 121 134 147 155 169 172 176 179 180 218 223 225 232 235 241 252 254 265 280 291 307 321 324 325 339 348 375 377 387 395 405 411 429 443 463 472 487 495
 342 (0.340905,0.558805)  40  25 36 52 58 64 65 96 103 114 127 131 136 154 162 184 195 207 216 221 222 250 259 267 293 294 300 302 318 319 326 343 368 380 391 406 420 449 471 490 493
 343 (0.381059,0.635285)  40  6 18 25 36 52 60 64 95 96 131 154 162 177 184 185 195 207 216 220 221 222 240 259 293 299 302 319 326 335 342 357 374 380 391 397 420 426 449 471 490
 344 (0.017672,0.929073)  25  39 59 75 78 153 158 170 191 234 236 256 286 289 312 314 332 354 358 363 386 393 394 408 444 473
 345 (0.408060,0.852158)  45  6 7 18 43 47 48 53 55 60 66 88 104 105 107 118 137 140 143 149 160 175 197 212 238 240 263 278 282 292 299 335 340 362 374 389 397 400 401 425 427 459 469 483 485 494
 346 (0.905165,0.856068)  33  13 22 32 35 41 77 101 115 117 152 161 231 239 249 268 269 274 287 303 310 322 382 410 422 441 447 450 460 470 474 475 479 481
 347 (0.224626,0.753321)  39  7 18 20 37 48 59 94 135 139 153 156 162 177 185 207 214 221 222 236 245 266 282 289 293 312 357 367 376 383 391 396 401 420 428 439 468 469 473 490
 348 (0.140916,0.251699)  38  10 27 38 51 67 71 81 116 120 121 147 169 176 179 218 225 235 241 246 265 280 291 298 307 321 325 341 365 377 387 411 429 443 458 463 472 487 491
 349 (0.805351,0.442781)  46  24 30 31 45 49 73 80 110 119 126 141 146 159 166 171 187 193 196 200 201 202 217 219 224 242 243 277 313 320 327 330 338 373 385 388 392 402 423 442 446 448 454 457 466 482 484
 350 (0.009980,0.481821)  18  4 10 34 67 84 108 109 124 271 283 365 372 437 451 455 458 472 491
 351 (0.810505,0.186410)  48  1 3 8 9 15 19 29 33 42 44 50 57 62 70 76 85 150 166 174 186 188 190 211 227 228 257 260 262 288 295 315 317 329 331 338 360 364 369 407 412 421 433 434 445 446 486 489 496
 352 (0.078066,0.027652)  12  81 86 87 144 179 246 298 323 361 417 436 461
 353 (0.410894,0.218564)  42  12 26 72 79 83 93 99 111 148 155 163 165 167 168 172 173 176 180 192 208 209 223 229 254 273 309 337 339 371 375 387 405 409 411 419 435 463 464 465 477 497 498
 354 (0.038569,0.983230)  19  59 75 158 170 191 234 256 286 314 332 344 358 363 386 393 394 408 444 473
 355 (0.883720,0.635520)  38  13 17 21 32 45 49 61 77 98 100 110 129 151 171 202 204 213 219 251 276 277 281 305 322 327 370 388 399 403 413 418 423 424 442 450 475 488 499
 356 (0.971886,0.179485)  28  1 3 15 29 42 62 70 76 112 178 188 190 210 215 260 288 317 329 333 360 369 407 421 430 434 486 489 496
 357 (0.234930,0.689071)  37  11 18 20 36 37 48 94 135 139 145 156 162 177 184 185 207 214 216 221 222 245 259 266 270 293 343 347 367 391 420 428 439 449 468 469 490 493
 358 (0.078301,0.981866)  27  40 59 75 90 128 153 158 170 191 234 256 286 289 314 332 344 354 363 383 386 393 394 398 404 408 444 473
 359 (0.661306,0.045435)  21  2 5 8 50 56 69 97 150 174 211 228 230 233 247 306 315 328 331 431 433 440
 360 (0.875482,0.156367)  46  1 3 9 15 19 29 33 42 44 57 62 70 76 85 150 186 188 190 210 215 227 228 257 260 288 295 304 315 317 329 331 333 338 351 356 369 407 412 421 430 433 434 486 489 492 496
 361 (0.009518,0.072200)   8  86 144 179 246 298 352 417 436
 362 (0.263999,0.914050)  43  7 40 43 48 53 55 59 75 88 90 118 128 133 137 140 143 149 153 158 160 191 197 206 279 282 289 292 332 340 345 363 376 383 386 396 398 401 404 427 428 469 473 494
 363 (0.139597,0.893239)  41  37 40 48 59 75 90 128 133 143 153 158 170 191 214 234 236 256 282 286 289 312 314 332 344 354 358 362 367 376 383 386 393 394 396 398 401 404 408 428 444 473
 364 (0.707720,0.235885)  36  5 9 44 50 57 62 63 85 92 166 174 186 193 194 203 211 228 243 257 260 262 290 295 296 320 338 351 384 385 392 412 414 433 445 446 496
 365 (0.093535,0.374527)  33  4 10 27 34 38 51 67 84 108 109 116 120 134 147 164 218 235 241 265 271 280 283 291 324 334 348 350 377 455 458 472 487 491
 366 (0.582310,0.786021)  34  6 23 28 46 47 60 66 82 91 104 105 125 130 132 157 175 226 238 261 263 275 299 336 374 389 397 415 425 432 453 456 462 467 483
 367 (0.217751,0.754841)  40  18 20 37 48 59 94 135 139 145 153 156 162 177 185 207 214 221 222 236 245 266 282 289 293 312 347 357 363 376 383 391 396 401 420 428 439 468 469 473 490
 368 (0.419961,0.457791)  35  25 52 58 72 93 96 103 106 111 122 127 131 136 154 181 189 195 232 248 250 267 294 302 316 318 319 326 342 379 380 395 406 419 471 500
 369 (0.942388,0.227269)  32  1 3 15 29 42 44 57 62 70 112 166 178 188 190 201 210 260 288 313 317 338 351 356 360 407 412 421 430 434 486 489 496
 370 (0.827041,0.683960)  41  13 17 21 32 77 98 100 110 129 142 151 157 171 213 219 231 239 251 264 276 277 281 305 322 327 355 399 403 413 416 418 424 432 442 450 452 462 474 475 480 488
 371 (0.371841,0.081985)  38  12 26 68 79 99 102 113 138 148 163 165 167 172 173 182 183 192 208 209 223 229 252 253 255 284 308 323 325 353 375 378 409 435 438 465 477 497 498
 372 (0.120508,0.534761)  29  4 10 11 65 67 84 94 108 109 114 124 135 145 164 207 222 237 270 271 283 300 301 324 334 350 437 451 455 493
 373 (0.919845,0.465376)  36  24 30 45 49 61 73 80 98 100 110 112 119 126 146 159 187 200 201 202 204 217 219 242 258 313 327 349 388 403 423 448 454 457 482 488 499
 374 (0.456511,0.702817)  35  6 18 28 36 60 64 66 82 95 132 162 175 177 195 220 238 240 259 261 299 302 335 343 345 366 389 391 397 425 426 453 456 471 478 483
 375 (0.320782,0.137596)  51  12 26 68 71 79 87 99 113 121 138 148 155 163 165 167 169 172 173 176 180 182 183 192 208 209 223 225 229 252 253 255 284 307 308 321 323 325 339 341 353 371 378 387 409 411 429 435 438 443 465 497
 376 (0.220217,0.876473)  45  7 20 40 48 55 59 75 90 118 128 133 137 143 149 153 158 160 191 197 206 236 245 256 279 282 286 289 292 332 340 347 362 363 367 383 386 396 398 401 404 427 428 469 473 494
 377 (0.160609,0.263169)  38  10 27 38 51 67 71 81 116 120 121 147 169 176 179 218 225 235 241 246 265 280 291 298 307 321 325 341 348 365 387 411 429 443 463 472 487 491 495
 378 (0.364865,0.047258)  31  12 26 68 79 87 99 102 113 138 148 163 165 167 173 182 183 208 209 229 252 253 255 284 308 323 325 371 375 409 435 438
 379 (0.560433,0.532450)  26  16 25 31 82 95 106 142 181 189 195 199 220 224 248 275 302 311 316 330 368 381 415 426 471 478 500
 380 (0.345154,0.485373)  38  25 36 52 58 65 72 96 103 114 127 131 134 136 154 164 184 216 232 250 259 267 294 300 302 318 319 324 326 334 342 343 368 395 406 449 471 493 495
 381 (0.582019,0.480279)  25  16 31 89 92 95 106 122 181 189 199 220 224 243 248 302 311 316 330 379 402 426 466 478 484 500
 382 (0.997826,0.801665)  17  21 32 41 77 101 117 249 269 287 303 310 322 346 410 422 460 470
 383 (0.188190,0.902801)  40  7 40 48 59 75 90 128 133 143 153 158 160 191 197 206 236 256 279 282 286 289 312 314 332 347 358 362 363 367 376 386 393 396 398 401 404 427 428 469 473
 384 (0.617875,0.218043)  30  2 5 9 26 50 63 85 89 92 97 111 168 174 194 203 211 257 262 290 296 309 337 364 385 414 431 433 445 477 498
 385 (0.678138,0.348799)  36  9 16 24 31 63 85 89 92 106 126 141 146 159 166 186 193 194 199 203 243 248 257 262 295 311 320 330 349 364 384 392 402 445 446 466 500
 386 (0.165970,0.982740)  30  40 59 75 90 128 133 143 153 158 191 206 256 279 282 286 289 314 332 344 354 358 362 363 376 383 393 396 398 404 473
 387 (0.265302,0.238572)  45  12 27 71 79 81 83 120 121 147 148 155 169 172 173 176 180 218 223 225 232 235 241 252 254 265 273 307 321 325 339 341 348 353 375 377 395 405 409 411 419 429 443 463 487 495
 388 (0.881249,0.511124)  45  17 21 24 30 45 49 61 73 80 98 100 110 119 126 141 146 159 171 187 196 200 201 202 204 217 219 242 251 258 277 313 327 349 355 373 403 423 442 448 454 457 466 482 488 499
 389 (0.468113,0.847321)  45  6 7 18 23 43 46 47 53 55 60 66 88 91 104 105 107 118 137 140 149 160 175 212 226 238 240 263 278 292 299 335 336 340 345 366 374 397 400 425 427 459 467 483 485 494
 390 (0.718850,0.879075)  32  14 22 23 46 54 74 91 115 123 152 161 226 231 239 244 264 272 274 285 297 336 399 432 441 447 450 452 462 467 474 476 479
 391 (0.312789,0.656303)  37  18 20 36 64 131 139 154 162 177 184 185 195 207 216 221 222 240 245 259 270 293 319 335 342 343 347 357 367 374 420 439 449 468 469 471 490 493
 392 (0.750121,0.336725)  44  9 24 42 44 57 62 63 73 85 92 119 126 141 146 159 166 186 187 193 194 196 199 201 203 217 242 243 257 260 262 295 313 320 338 349 364 385 402 412 445 446 466 482 496
 393 (0.097119,0.990927)  25  40 59 75 90 128 153 158 170 191 234 256 286 289 314 332 344 354 358 363 383 386 394 398 404 473
 394 (0.005102,0.916091)  21  39 78 153 158 170 191 234 236 256 286 312 314 332 344 354 358 363 393 408 444 473
 395 (0.319465,0.362420)  42  52 58 72 83 93 96 103 127 131 134 136 155 172 176 180 223 225 232 235 241 250 254 267 273 294 300 318 319 324 326 334 339 341 368 380 387 405 406 411 419 463 495
 396 (0.229499,0.886351)  47  7 20 40 43 48 53 55 59 75 90 118 128 133 137 140 143 149 153 158 160 191 197 206 245 256 279 282 286 289 292 332 340 347 362 363 367 376 383 386 398 401 404 427 428 469 473 494
 397 (0.427215,0.787578)  36  6 7 18 43 47 55 60 64 66 88 104 105 118 137 140 149 160 175 177 238 240 263 292 299 335 343 345 366 374 389 425 427 469 483 490 494
 398 (0.209741,0.948350)  36  7 40 48 59 75 90 118 128 133 143 153 158 160 191 197 206 256 279 282 286 289 332 340 358 362 363 376 383 386 393 396 401 404 427 428 473
 399 (0.765426,0.740004)  41  13 14 32 115 125 129 130 142 151 152 157 171 213 231 239 251 264 274 275 276 277 281 305 310 322 355 370 390 413 416 418 424 432 442 447 450 452 462 474 475 480
 400 (0.443880,0.959862)  32  7 43 47 53 55 88 104 105 107 118 137 140 143 149 160 197 206 212 263 278 279 285 292 340 345 389 425 427 459 483 485 494
 401 (0.285075,0.862545)  46  7 18 20 40 43 48 53 55 59 75 88 90 118 128 133 137 140 143 149 153 160 177 185 197 206 245 279 282 289 292 340 345 347 362 363 367 376 383 396 398 404 427 428 469 490 494
 402 (0.730931,0.448982)  39  16 24 31 45 49 63 73 92 110 119 126 141 146 159 187 193 196 199 200 202 203 219 224 242 243 311 320 327 330 349 381 385 392 423 446 454 466 482 484
 403 (0.875953,0.604540)  42  13 17 21 32 45 49 61 77 98 100 110 119 129 151 171 200 202 204 213 219 251 258 276 277 281 305 327 355 370 373 388 413 416 418 423 424 442 454 475 482 488 499
 404 (0.224965,0.960431)  38  7 40 48 53 55 59 75 90 118 128 133 143 153 158 160 191 197 206 256 279 282 286 289 292 332 340 358 362 363 376 383 386 393 396 398 401 427 473
 405 (0.335333,0.303168)  37  12 71 72 83 93 127 134 148 155 172 173 176 180 192 223 225 232 235 250 254 273 318 337 339 341 353 387 395 406 409 411 419 429 463 464 465 495
 406 (0.392118,0.434706)  38  25 52 58 72 83 93 96 103 106 111 122 127 131 134 136 154 181 189 232 250 254 267 273 294 300 302 318 319 326 339 342 368 380 395 405 419 471 495
 407 (0.908780,0.100759)  35  1 3 15 19 29 33 42 56 62 70 76 188 190 205 215 227 228 260 288 304 306 315 329 331 333 351 356 360 369 412 421 430 434 489 492
 408 (0.043172,0.835998)  27  37 39 59 78 153 158 170 191 214 234 236 256 266 286 289 301 312 314 332 344 354 358 363 394 428 444 473
 409 (0.394568,0.193855)  46  12 26 79 83 93 99 113 148 155 163 165 167 172 173 176 180 183 192 208 209 223 229 252 253 254 273 308 309 337 339 353 371 375 378 387 405 411 419 429 435 463 464 465 477 497 498
 410 (0.963303,0.774103)  24  13 17 21 32 41 77 101 117 239 249 269 281 287 303 310 322 346 382 418 422 447 460 470 475
 411 (0.284980,0.270522)  46  12 27 71 72 79 83 93 120 121 134 148 155 169 172 173 176 180 218 223 225 232 235 241 254 265 273 307 321 325 339 341 348 353 375 377 387 395 405 409 419 429 443 463 465 487 495
 412 (0.798395,0.188269)  49  1 3 8 9 15 19 29 33 42 44 50 57 62 70 76 85 150 166 174 186 188 190 211 227 228 257 260 262 288 295 315 317 329 331 338 351 360 364 369 392 407 421 433 434 445 446 486 489 496
 413 (0.734534,0.620312)  47  13 31 82 110 119 125 129 130 141 142 151 157 159 171 196 202 213 219 224 231 251 261 275 276 277 281 305 327 330 355 370 399 403 415 416 418 423 424 432 442 450 454 462 466 480 482 484
 414 (0.573689,0.190513)  30  2 5 26 50 69 89 97 99 111 168 174 192 194 208 209 211 262 290 296 309 337 364 384 431 445 464 465 477 497 498
 415 (0.622975,0.643314)  30  6 28 82 95 125 129 130 132 142 157 175 181 220 224 261 275 305 366 379 413 416 424 426 432 453 456 462 478 480 484
 416 (0.721071,0.616861)  44  13 31 82 110 119 125 129 130 132 141 142 151 157 159 171 196 202 213 219 224 251 261 275 276 277 305 327 330 370 399 403 413 415 418 424 432 442 450 454 462 466 480 482 484
 417 (0.026511,0.017544)   8  86 144 246 298 352 361 436 461
 418 (0.837170,0.684374)  39  13 17 21 32 77 98 100 110 129 151 157 171 213 219 231 239 251 264 276 277 281 305 322 327 355 370 399 403 410 413 416 424 432 442 450 452 474 475 488
 419 (0.390964,0.311490)  38  12 72 83 93 99 111 122 127 136 148 155 172 173 176 180 189 192 223 232 250 254 273 309 337 339 353 368 387 395 405 406 409 411 463 464 465 495 497
 420 (0.288065,0.635565)  40  11 18 20 36 64 65 103 131 135 139 154 156 162 177 184 185 207 216 221 222 245 259 267 270 293 294 319 326 342 343 347 357 367 391 439 449 468 471 490 493
 421 (0.872643,0.125498)  44  1 3 8 15 19 29 33 42 44 56 57 62 70 76 150 186 188 190 215 227 228 257 260 288 295 304 306 315 329 331 333 351 356 360 369 407 412 430 433 434 486 489 492 496
 422 (0.931803,0.861755)  25  32 35 41 101 117 161 239 249 268 269 274 287 303 310 322 346 382 410 447 460 470 474 475 479 481
 423 (0.826078,0.495618)  50  24 30 31 45 49 61 73 80 110 119 126 129 141 146 151 159 171 187 196 200 201 202 204 217 219 224 242 251 258 277 305 313 327 330 349 355 373 388 402 403 413 442 448 454 457 466 482 484 488 499
 424 (0.768813,0.652873)  40  13 17 21 110 129 142 151 157 171 202 213 219 231 251 264 275 276 277 281 305 322 327 355 370 399 403 413 415 416 418 432 442 450 452 454 462 475 480 484 488
 425 (0.478616,0.852588)  42  6 23 43 46 47 53 55 60 66 88 91 104 105 107 118 137 140 149 160 175 212 226 238 240 263 278 292 299 335 336 345 366 374 389 397 400 427 459 467 483 485 494
 426 (0.513162,0.605982)  24  6 25 28 60 64 82 95 132 181 195 220 261 275 302 316 343 374 379 381 415 453 456 471 478
 427 (0.337248,0.869580)  46  7 18 40 43 48 53 55 88 90 104 118 128 133 137 140 143 149 160 177 197 206 212 238 240 279 282 292 299 335 340 345 362 376 383 389 396 397 398 400 401 404 425 459 469 483 494
 428 (0.164079,0.801227)  45  20 37 48 59 75 78 94 135 139 145 153 156 158 185 191 214 236 245 256 266 282 286 289 293 301 312 314 332 347 357 362 363 367 376 383 396 398 401 408 439 444 468 469 473 490
 429 (0.241547,0.209891)  44  12 27 51 71 79 81 83 87 120 121 144 147 148 155 169 172 173 176 179 180 218 223 225 235 252 254 255 265 298 307 321 325 339 341 348 375 377 387 405 409 411 443 463 487
 430 (0.995079,0.095881)  22  15 19 29 70 76 188 190 205 210 215 288 304 329 333 356 360 369 407 421 434 489 492
 431 (0.662982,0.067625)  28  2 5 8 33 50 56 69 97 150 168 174 211 227 228 230 233 247 262 306 315 328 331 359 384 414 433 440 477
 432 (0.705509,0.763891)  45  13 14 23 28 46 74 115 125 129 130 132 142 151 152 157 213 226 231 239 261 264 274 275 276 305 322 336 366 370 390 399 413 415 416 418 424 450 452 453 456 462 467 474 475 480
 433 (0.748755,0.141598)  45  2 3 5 8 9 15 19 29 33 44 50 56 57 62 76 85 150 174 186 188 194 211 227 228 230 247 257 260 262 295 306 315 328 329 331 351 359 360 364 384 412 421 431 440 445
 434 (0.920213,0.218671)  37  1 3 15 29 42 44 57 62 70 76 112 166 178 186 188 190 201 210 228 260 288 295 313 317 329 338 351 356 360 369 407 412 421 430 486 489 496
 435 (0.369873,0.086002)  39  12 26 68 79 99 102 113 138 148 163 165 167 172 173 182 183 192 208 209 223 229 252 253 255 284 308 323 325 353 371 375 378 409 438 443 465 477 497 498
 436 (0.011178,0.084292)   9  81 86 144 179 246 298 352 361 417
 437 (0.019899,0.611421)  16  11 94 108 109 124 135 145 156 198 237 266 270 301 350 372 451
 438 (0.295893,0.006257)  22  68 79 87 113 138 165 167 182 183 252 253 255 284 308 323 325 371 375 378 435 443 461
 439 (0.180173,0.682881)  35  11 20 37 94 135 139 145 156 177 184 185 207 214 216 221 222 236 237 245 266 270 293 301 312 347 357 367 391 420 428 449 468 469 490 493
 440 (0.679046,0.001403)  21  2 5 8 50 56 69 97 150 174 211 227 230 233 247 306 315 328 331 359 431 433
 441 (0.770148,0.928928)  26  14 22 35 54 74 115 123 152 161 239 244 264 268 272 274 297 310 346 390 447 452 467 470 474 476 479
 442 (0.824479,0.599259)  52  13 17 21 32 45 49 61 73 77 98 100 110 119 129 141 142 146 151 159 171 196 200 202 204 213 219 251 276 277 281 305 327 330 349 355 370 388 399 403 413 416 418 423 424 450 454 466 475 480 482 484 488
 443 (0.220074,0.140022)  36  27 71 79 81 87 120 121 138 144 165 169 172 176 179 182 223 225 252 253 255 284 298 307 321 323 325 341 348 375 377 387 411 429 435 438 461
 444 (0.014930,0.835657)  25  37 39 78 153 158 170 191 214 234 236 256 266 286 289 312 314 332 344 354 358 363 394 408 428 473
 445 (0.683551,0.239973)  33  5 9 44 50 57 62 63 85 92 168 174 186 193 194 203 211 228 243 257 262 290 295 296 320 351 364 384 385 392 412 414 433 446
 446 (0.751442,0.310824)  38  9 24 42 44 57 62 63 85 92 126 141 146 159 166 186 187 193 194 201 203 242 243 257 260 262 295 313 320 338 349 351 364 385 392 402 412 445 496
 447 (0.841914,0.863724)  39  13 14 22 35 41 54 74 101 115 117 123 152 161 231 239 244 249 264 268 269 272 274 287 303 310 322 346 390 399 410 422 441 450 452 460 470 474 475 479
 448 (0.922853,0.430488)  33  24 30 45 49 61 73 80 110 112 119 126 146 166 178 187 200 201 202 204 217 242 258 313 317 327 338 349 373 388 423 457 482 499
 449 (0.312226,0.612062)  42  18 20 25 36 52 58 64 65 96 103 131 139 154 162 177 184 185 195 207 216 221 222 259 267 270 293 294 300 302 319 326 342 343 357 380 391 420 439 468 471 490 493
 450 (0.792652,0.747332)  40  13 14 21 32 77 115 129 151 152 157 171 213 231 239 251 264 274 276 277 281 305 310 322 346 355 370 390 399 413 416 418 424 432 442 447 452 462 474 475 480
 451 (0.029747,0.532300)  20  4 10 11 34 84 94 108 109 124 145 198 237 270 271 283 301 350 372 437 455
 452 (0.752083,0.807583)  37  13 14 23 54 74 115 125 130 152 157 161 213 226 231 239 244 264 272 274 276 297 310 322 370 390 399 418 424 432 441 447 450 462 467 470 474 475
 453 (0.582989,0.713298)  30  6 23 28 60 66 82 91 95 125 130 132 142 157 175 220 226 238 261 275 336 366 374 415 426 432 456 462 478 480 483
 454 (0.772273,0.503525)  45  16 24 31 45 49 73 110 119 126 129 141 142 146 151 159 171 187 193 196 199 200 202 219 224 242 243 251 277 305 320 327 330 349 373 388 402 403 413 416 423 424 442 466 482 484
 455 (0.118406,0.424902)  35  4 10 34 38 65 67 84 108 109 114 120 124 134 147 164 218 235 241 265 271 280 283 291 300 324 334 350 365 372 451 458 472 487 491 493
 456 (0.577022,0.695126)  29  6 23 28 60 66 82 95 125 130 132 142 157 175 195 220 226 238 261 275 336 366 374 415 426 432 453 462 478 480
 457 (0.934013,0.430633)  31  24 30 45 49 61 73 80 110 112 119 126 166 178 187 200 201 202 204 217 242 258 313 317 327 349 373 388 423 448 482 499
 458 (0.036964,0.369674)  24  4 10 34 38 51 67 84 108 109 116 120 147 218 241 265 280 291 348 350 365 455 472 487 491
 459 (0.442458,0.963760)  32  7 43 47 53 55 88 104 105 107 118 137 140 143 149 160 197 206 212 263 278 279 285 292 340 345 389 400 425 427 483 485 494
 460 (0.962933,0.789047)  23  13 17 21 32 41 77 101 117 239 249 269 281 287 303 310 322 346 382 410 422 447 470 475
 461 (0.177256,0.025447)  17  81 87 138 144 169 179 182 252 255 298 321 323 325 352 417 438 443
 462 (0.677057,0.735206)  41  13 14 23 28 46 66 82 125 129 130 132 142 151 157 175 213 226 231 261 264 275 276 305 336 366 370 390 399 413 415 416 424 432 450 452 453 456 467 474 475 480
 463 (0.292573,0.295663)  46  12 27 71 72 79 83 93 120 121 134 155 169 172 173 176 180 218 223 225 232 235 241 250 254 265 273 307 318 321 324 334 339 341 348 353 377 387 395 405 409 411 419 429 465 487 495
 464 (0.450349,0.254079)  38  12 26 72 83 89 93 99 111 122 148 155 163 167 168 172 173 180 189 192 208 209 223 254 273 290 296 309 337 339 353 405 409 414 419 465 477 497 498
 465 (0.430333,0.226586)  43  12 26 72 79 83 93 99 111 148 155 163 167 168 172 173 176 180 192 208 209 223 229 254 273 290 296 309 337 339 353 371 375 405 409 411 414 419 435 463 464 477 497 498
 466 (0.726296,0.487313)  44  16 24 31 45 49 73 92 110 119 126 129 141 142 146 159 171 193 196 199 200 202 219 224 242 243 277 305 311 320 327 330 349 381 385 388 392 402 413 416 423 442 454 482 484
 467 (0.623753,0.872791)  33  14 23 46 47 54 66 74 91 104 105 115 125 130 152 175 226 244 263 264 272 278 285 297 336 366 389 390 425 432 441 452 462 476
 468 (0.190346,0.689229)  36  11 20 37 94 135 139 145 156 162 177 184 185 207 214 216 221 222 236 237 245 266 270 293 301 312 347 357 367 391 420 428 439 449 469 490 493
 469 (0.276360,0.801009)  44  7 18 20 43 48 55 59 118 137 139 140 143 149 153 160 177 185 214 222 240 245 282 289 292 293 299 335 345 347 357 362 367 376 383 391 396 397 401 427 428 439 468 490 494
 470 (0.898238,0.867403)  33  13 22 32 35 41 101 115 117 152 161 231 239 249 268 269 272 274 287 303 310 322 346 382 410 422 441 447 452 460 474 475 479 481
 471 (0.424435,0.568933)  34  25 36 52 58 64 95 96 127 131 136 154 162 181 184 195 216 220 250 259 302 319 326 342 343 368 374 379 380 391 406 420 426 449 478
 472 (0.096672,0.348587)  31  4 10 27 34 38 51 67 84 108 109 116 120 134 147 218 235 241 265 280 291 324 334 341 348 350 365 377 455 458 487 491
 473 (0.121482,0.854768)  41  37 39 48 59 75 78 128 153 158 170 191 214 234 236 245 256 266 282 286 289 312 314 332 344 347 354 358 362 363 367 376 383 386 393 394 396 398 404 408 428 444
 474 (0.795519,0.822968)  35  13 14 22 54 74 115 123 152 161 231 239 244 249 264 272 274 276 303 310 322 346 370 390 399 418 422 432 441 447 450 452 462 470 475 479
 475 (0.835900,0.745235)  41  13 17 21 32 77 100 115 117 151 171 213 231 239 251 264 274 276 277 281 303 305 310 322 346 355 370 399 403 410 418 422 424 432 442 447 450 452 460 462 470 474
 476 (0.727558,0.985865)  18  14 22 35 54 74 115 123 152 161 244 272 274 285 297 390 441 467 479
 477 (0.512197,0.112261)  36  5 12 26 69 97 99 102 113 148 163 167 168 173 183 192 208 209 211 229 233 290 296 308 309 328 353 371 384 409 414 431 435 464 465 497 498
 478 (0.546245,0.625796)  27  6 28 60 64 82 95 125 130 132 142 157 175 181 195 220 261 275 302 374 379 381 415 426 453 456 471 480
 479 (0.853268,0.936632)  31  14 22 35 54 74 101 115 117 123 152 161 239 244 249 268 269 272 274 287 303 310 322 346 390 422 441 447 470 474 476 481
 480 (0.681194,0.642917)  33  28 31 82 125 129 130 132 142 151 157 171 213 224 261 275 276 277 305 330 370 399 413 415 416 424 432 442 450 453 456 462 478 484
 481 (0.974383,0.974750)  13  35 41 101 117 249 268 269 287 303 346 422 470 479
 482 (0.791400,0.476713)  48  24 30 31 45 49 73 80 110 119 126 129 141 146 159 171 187 193 196 199 200 201 202 217 219 224 242 243 277 305 313 320 327 330 349 373 388 392 402 403 413 416 423 442 448 454 457 466 484
 483 (0.465885,0.810283)  41  6 18 23 28 43 46 47 53 55 60 66 88 91 104 105 118 137 140 149 160 175 226 238 240 263 278 292 299 335 336 345 366 374 389 397 400 425 427 453 459 494
 484 (0.719986,0.518958)  42  16 24 31 45 49 73 110 119 126 129 141 142 146 151 159 171 193 196 199 202 219 224 243 275 277 305 311 327 330 349 381 402 413 415 416 423 424 442 454 466 480 482
 485 (0.462577,0.978082)  25  43 47 53 55 88 91 104 105 107 118 137 140 160 197 212 263 278 285 292 340 345 389 400 425 459
 486 (0.922544,0.266230)  34  1 3 15 30 42 44 57 62 70 80 112 166 178 186 187 190 201 210 217 260 288 295 313 317 338 351 356 360 369 412 421 434 489 496
 487 (0.144754,0.315846)  40  4 10 27 34 38 51 67 71 81 84 116 120 121 134 147 169 176 218 225 235 241 265 280 291 307 324 334 341 348 365 377 387 411 429 455 458 463 472 491 495
 488 (0.914714,0.603738)  33  17 21 32 45 49 61 77 98 100 110 151 171 200 202 204 213 219 251 258 277 281 305 327 355 370 373 388 403 418 423 424 442 499
 489 (0.909148,0.119138)  39  1 3 15 19 29 33 42 44 56 57 62 70 76 188 190 205 210 215 227 228 260 288 304 315 329 331 333 351 356 360 369 407 412 421 430 434 486 492 496
 490 (0.290596,0.706114)  38  18 20 36 48 64 135 139 156 162 177 184 185 207 214 216 221 222 240 245 259 293 299 335 342 343 347 357 367 391 397 401 420 428 439 449 468 469 494
 491 (0.080451,0.375033)  32  4 10 27 34 38 51 67 84 108 109 116 120 147 164 218 235 241 265 271 280 283 291 324 334 348 350 365 377 455 458 472 487
 492 (0.929421,0.010582)  22  15 19 29 33 56 76 188 190 205 215 227 304 306 315 329 331 333 360 407 421 430 489
 493 (0.225072,0.543028)  42  11 36 52 65 84 103 114 124 131 134 135 154 162 164 184 207 216 221 222 259 267 270 271 283 293 294 300 318 319 324 326 334 342 357 372 380 391 420 439 449 455 468
 494 (0.353115,0.851965)  42  7 18 43 47 48 53 55 88 104 118 133 137 140 143 149 160 177 197 206 212 238 240 279 282 292 299 335 340 345 362 376 389 396 397 400 401 425 427 459 469 483 490
 495 (0.276812,0.369827)  50  27 52 58 65 71 72 83 93 96 103 114 120 127 131 134 136 155 164 172 176 180 218 225 232 235 241 250 254 265 267 273 294 300 318 319 324 326 334 339 341 377 380 387 395 405 406 411 419 463 487
 496 (0.858874,0.267830)  42  1 3 9 15 30 42 44 57 62 70 80 85 112 166 178 186 187 190 201 210 217 228 242 257 260 288 295 313 317 338 351 356 360 364 369 392 412 421 434 446 486 489
 497 (0.455703,0.185960)  44  5 12 26 69 79 93 99 102 113 148 155 163 165 167 168 172 173 180 183 192 208 209 223 229 253 254 273 290 296 308 309 337 339 353 371 375 409 414 419 435 464 465 477 498
 498 (0.488964,0.149470)  35  5 12 26 69 97 99 102 113 148 163 165 167 168 173 183 192 208 209 229 233 290 296 308 309 337 353 371 384 409 414 435 464 465 477 497
 499 (0.973944,0.536154)  25  17 21 30 45 49 61 73 80 98 100 110 200 204 219 251 258 327 355 373 388 403 423 448 457 488
 500 (0.560993,0.418385)  21  16 31 89 92 106 111 122 127 181 189 199 203 224 243 248 311 316 368 379 381 385
