   1 (0.186930,0.486374)  23  16 44 92 96 110 117 130 134 188 211 222 225 226 259 272 298 311 320 328 365 437 445 457
   2 (0.226186,0.908524)  17  54 64 173 177 192 202 217 227 252 285 327 335 356 393 429 432 448
   3 (0.995334,0.330444)  10  27 112 121 125 140 291 304 329 427 500
   4 (0.420700,0.707460)  21  20 37 53 74 89 133 165 170 171 235 244 294 297 343 348 354 367 376 406 477 492
   5 (0.383498,0.352530)  19  88 115 158 162 220 267 274 309 326 357 359 397 416 433 435 462 465 474 489
   6 (0.520675,0.428575)  27  11 33 84 99 102 122 129 154 161 164 180 233 267 275 302 316 323 331 341 350 359 370 391 417 441 447 458
   7 (0.767405,0.323850)  25  22 77 78 144 146 149 175 178 197 208 230 237 290 296 299 305 337 374 400 414 419 428 436 450 454
   8 (0.746454,0.579055)  15  56 58 126 148 151 246 358 360 375 405 418 424 455 488 495
   9 (0.416668,0.954335)  19  19 23 48 70 139 166 182 191 217 218 240 254 278 344 378 434 443 468 496
  10 (0.810224,0.972640)  13  25 51 52 81 120 132 136 210 232 283 314 349 483
  11 (0.487579,0.412002)  24  6 30 33 84 99 122 154 161 180 233 255 267 275 302 316 323 331 341 359 370 397 404 417 447
  12 (0.284778,0.230924)  24  21 39 111 113 123 162 200 223 265 270 274 281 282 293 310 312 325 433 435 459 462 465 471 482
  13 (0.680100,0.871077)  25  14 24 25 36 57 101 120 127 172 203 247 261 268 276 284 301 308 314 317 333 352 382 383 493 497
  14 (0.764532,0.805453)  15  13 25 36 120 245 283 314 317 336 352 364 382 383 394 444
  15 (0.659499,0.447504)  19  28 59 75 102 122 146 161 205 219 233 307 386 419 424 425 426 441 454 458
  16 (0.194927,0.510986)  22  1 92 96 110 117 134 188 206 211 222 225 226 259 272 298 311 320 328 365 437 445 457
  17 (0.384508,0.076166)  17  18 97 100 106 113 168 174 189 242 310 313 315 325 353 446 459 481
  18 (0.401839,0.005151)   7  17 100 106 174 313 315 347
  19 (0.483626,0.872087)  22  9 23 48 82 139 170 182 191 218 254 278 284 319 333 355 361 377 378 434 443 468 496
  20 (0.488168,0.686617)  22  4 37 53 72 74 89 133 165 170 171 179 185 235 249 343 348 354 367 376 406 477 479
  21 (0.236075,0.163726)  22  12 39 97 111 113 123 156 207 231 242 265 266 270 279 293 310 312 345 415 459 471 482
  22 (0.743164,0.252700)  27  7 29 31 43 45 69 77 78 86 95 149 175 208 230 237 248 290 296 299 305 334 337 340 374 414 428 436
  23 (0.492071,0.895574)  22  9 19 48 82 138 139 182 191 218 254 278 284 319 333 355 361 377 378 434 443 468 496
  24 (0.611230,0.938091)  22  13 42 57 82 101 124 127 136 138 172 247 261 268 276 284 286 301 319 333 383 493 497
  25 (0.763687,0.876579)  19  10 13 14 36 57 108 120 132 232 245 247 283 301 314 317 336 352 382 383
  26 (0.971740,0.013069)   5  90 94 167 209 384
  27 (0.943242,0.247313)  18  3 98 112 121 140 197 271 273 291 304 339 368 372 411 423 450 480 500
  28 (0.748666,0.459908)  22  15 56 128 146 178 205 219 229 246 287 296 307 360 386 405 412 418 419 424 425 454 455
  29 (0.699687,0.179317)  24  22 31 43 45 61 67 68 69 95 149 152 163 248 253 260 262 306 334 337 340 401 414 436 449
  30 (0.411039,0.491829)  23  11 33 84 99 116 147 154 158 164 180 267 323 331 341 350 357 359 366 370 391 404 466 474
  31 (0.712608,0.191757)  24  22 29 43 45 61 67 69 77 86 95 149 152 160 248 253 260 299 306 334 337 340 401 414 436
  32 (0.074891,0.022270)  12  34 66 257 263 363 379 390 392 403 472 485 494
  33 (0.429920,0.476295)  25  6 11 30 84 99 116 147 154 158 164 180 267 302 323 331 341 350 357 359 366 370 391 404 447 474
  34 (0.068336,0.046631)  13  32 231 256 257 263 379 390 392 403 453 472 485 494
  35 (0.035339,0.373162)  17  44 103 107 119 184 215 243 272 324 342 351 380 381 410 422 461 478
  36 (0.723608,0.817001)  15  13 14 25 120 203 301 308 314 317 336 352 364 382 383 394
  37 (0.506539,0.735025)  18  4 20 53 89 133 165 170 185 235 249 343 348 354 377 406 475 477 479
  38 (0.552479,0.134647)  19  47 55 61 65 93 100 155 163 183 199 204 250 253 262 289 371 395 396 431
  39 (0.308830,0.219147)  25  12 21 97 111 113 123 162 168 242 265 270 274 281 293 310 312 325 353 433 435 459 462 465 471 482
  40 (0.926783,0.627370)  18  46 60 73 85 118 176 190 201 241 258 280 346 358 402 413 452 484 487
  41 (0.156917,0.738750)  14  54 104 109 202 213 228 264 277 373 407 409 439 467 470
  42 (0.695442,0.995118)  13  24 57 120 124 132 136 172 247 276 286 383 483 497
  43 (0.674001,0.192256)  21  22 29 31 61 65 67 69 95 149 163 248 253 260 262 299 306 334 337 340 401 436
  44 (0.111912,0.419050)  23  1 35 91 92 96 110 117 119 184 243 259 272 298 328 342 351 380 381 410 422 437 461 478
  45 (0.812120,0.180540)  22  22 29 31 50 86 98 152 160 175 187 248 330 337 339 372 389 411 414 423 428 451 480
  46 (0.927281,0.664392)  18  40 60 73 85 118 131 176 190 201 241 258 346 358 402 413 452 484 487
  47 (0.553698,0.120950)  18  38 55 61 65 93 100 135 155 163 183 250 253 262 289 395 396 431 456
  48 (0.399687,0.854064)  30  9 19 23 70 133 139 166 170 173 181 182 191 217 218 221 254 278 297 318 327 344 361 378 406 434 443 448 468 476 496
  49 (0.291762,0.710614)  17  74 236 251 294 297 338 367 373 376 388 398 432 438 467 476 477 492
  50 (0.859700,0.095130)  13  45 76 87 98 152 160 187 209 330 389 451 491 498
  51 (0.849182,0.965763)   9  10 52 81 132 195 210 232 283 349
  52 (0.902870,0.971613)  10  10 51 81 195 210 232 283 322 332 349
  53 (0.514180,0.661302)  19  4 20 37 72 89 159 165 171 179 185 235 249 343 348 354 420 440 473 479
  54 (0.146303,0.830151)  20  2 41 79 104 145 177 196 202 213 227 252 264 277 356 407 409 430 432 439 470
  55 (0.636005,0.067877)  19  38 47 61 68 135 142 155 163 234 250 253 260 262 306 396 431 449 486 490
  56 (0.782252,0.545991)  20  8 28 58 126 128 143 148 229 246 287 358 360 375 405 412 418 424 455 488 495
  57 (0.684215,0.927767)  21  13 24 25 42 101 120 124 127 132 136 172 247 276 284 286 301 314 352 383 483 497
  58 (0.778492,0.641952)  13  8 56 126 148 153 246 358 375 394 405 444 455 488
  59 (0.641120,0.533397)  17  15 75 102 129 151 205 219 307 386 405 420 424 426 441 460 473 495
  60 (0.893530,0.681362)  16  40 46 73 118 131 176 190 201 241 258 346 358 402 413 444 452
  61 (0.613565,0.155300)  25  29 31 38 43 47 55 65 67 69 95 142 155 163 199 204 253 260 262 289 306 334 396 401 431 449
  62 (0.194699,0.039833)  15  66 231 238 257 266 269 279 295 363 379 403 415 471 472 494
  63 (0.511513,0.249570)  20  65 67 80 88 93 183 194 199 204 220 255 289 362 371 385 395 397 401 408 416
  64 (0.223177,0.976951)  10  2 192 227 252 285 335 356 393 429 448
  65 (0.585824,0.195728)  24  38 43 47 61 63 67 69 80 95 155 163 183 199 204 253 262 289 306 334 362 371 395 401 408
  66 (0.177337,0.001669)  12  32 62 231 238 257 269 279 295 363 379 415 472
  67 (0.618903,0.226944)  25  29 31 43 61 63 65 69 95 114 149 194 199 204 248 253 289 290 299 306 334 340 362 401 408 436
  68 (0.729126,0.070867)  15  29 55 87 142 152 163 187 234 260 262 306 449 486 490 491
  69 (0.683031,0.232468)  23  22 29 31 43 61 65 67 77 78 95 114 149 248 253 290 299 306 334 337 340 401 414 436
  70 (0.382244,0.923824)  24  9 48 139 166 173 182 191 192 217 218 221 240 254 278 285 318 327 344 378 434 443 448 468 496
  71 (0.110700,0.194544)  16  103 137 156 157 207 224 231 256 266 292 300 345 403 453 469 494
  72 (0.482038,0.605422)  22  20 53 74 89 116 129 164 165 171 179 244 249 323 348 350 354 366 391 404 440 473 479
  73 (0.900775,0.696524)  15  40 46 60 131 176 190 201 241 258 346 358 402 413 444 452
  74 (0.390273,0.659374)  19  4 20 49 72 89 165 171 244 251 294 338 343 348 367 376 398 406 477 492
  75 (0.607091,0.519678)  20  15 59 102 129 151 164 180 205 219 302 307 370 386 391 426 440 441 460 473 495
  76 (0.923469,0.119398)  13  50 98 167 209 271 273 330 368 384 389 411 451 498
  77 (0.730241,0.290122)  27  7 22 31 69 78 86 95 114 146 149 175 208 230 237 248 290 296 299 305 334 337 340 374 414 428 436 454
  78 (0.752146,0.305713)  26  7 22 69 77 86 114 144 146 149 175 197 208 230 237 248 290 296 299 305 337 340 374 414 428 436 454
  79 (0.043223,0.840941)  12  54 104 145 186 196 198 216 239 369 407 430 470
  80 (0.484666,0.234184)  19  63 65 88 93 162 183 199 204 220 255 289 309 362 371 385 395 397 408 416
  81 (0.911135,0.943998)  14  10 51 52 108 195 210 232 283 303 322 332 349 463 464
  82 (0.537465,0.874938)  21  19 23 24 101 127 138 182 261 268 284 319 333 355 361 377 378 434 443 475 493 496
  83 (0.893558,0.518225)  14  128 143 212 229 246 280 287 412 413 418 455 484 487 499
  84 (0.463676,0.460934)  27  6 11 30 33 99 116 129 154 158 164 180 267 275 302 316 323 331 341 350 359 366 370 391 404 417 447 474
  85 (0.994336,0.623799)  13  40 46 118 201 241 258 280 346 402 413 452 484 487
  86 (0.808347,0.215821)  23  22 31 45 77 78 98 149 152 160 175 197 248 337 339 340 372 389 411 414 423 428 451 480
  87 (0.766647,0.037559)  12  50 68 142 152 187 234 260 330 449 486 490 491
  88 (0.464740,0.293013)  19  5 63 80 162 204 220 255 274 309 316 359 362 371 385 397 408 416 417 447
  89 (0.450005,0.677781)  23  4 20 37 53 72 74 133 165 170 171 179 235 244 249 343 348 354 367 376 406 477 479 492
  90 (0.981557,0.002205)   4  26 94 167 209
  91 (0.167951,0.343563)  19  44 92 96 103 123 184 200 223 224 272 282 298 300 311 312 342 381 469 478
  92 (0.196007,0.445232)  23  1 16 44 91 96 110 117 130 134 150 188 211 222 259 272 298 311 328 365 381 437 457 478
  93 (0.463139,0.162288)  18  38 47 63 80 100 155 168 183 189 220 289 325 353 371 385 395 446 481
  94 (0.967362,0.004354)   4  26 90 167 209
  95 (0.661054,0.229786)  23  22 29 31 43 61 65 67 69 77 114 149 199 204 248 253 290 299 306 334 337 340 401 436
  96 (0.199847,0.432102)  21  1 16 44 91 92 110 117 130 150 222 223 259 272 298 311 365 381 437 457 478 489
  97 (0.297367,0.111059)  19  17 21 39 113 168 174 242 265 279 281 295 310 315 325 353 415 446 459 471
  98 (0.907567,0.181403)  21  27 45 50 76 86 160 271 273 304 330 339 368 372 384 389 411 423 428 451 480 498
  99 (0.434307,0.465318)  26  6 11 30 33 84 116 147 154 158 164 180 267 302 316 323 331 341 350 357 359 366 370 391 404 447 474
 100 (0.454622,0.103574)  19  17 18 38 47 93 106 155 168 183 189 289 313 315 347 353 395 446 456 481
 101 (0.626636,0.897446)  25  13 24 57 82 120 127 172 203 247 261 268 276 284 286 301 308 317 319 333 352 355 383 475 493 497
 102 (0.627606,0.421984)  23  6 15 59 75 114 122 146 161 194 205 219 233 275 302 307 386 419 424 425 426 441 454 458
 103 (0.107928,0.287689)  19  35 71 91 107 123 156 157 184 207 215 224 292 300 312 342 351 381 469 478
 104 (0.127232,0.827452)  19  41 54 79 145 177 196 202 213 227 239 252 264 277 369 407 409 430 439 470
 105 (0.854085,0.405295)  15  121 125 128 140 144 178 197 212 229 287 291 305 400 412 450
 106 (0.398748,0.034799)  10  17 18 100 174 189 313 315 347 446 481
 107 (0.008856,0.288393)   8  35 103 157 215 292 351 380 422
 108 (0.870613,0.853370)  13  25 81 131 141 195 210 232 245 283 332 349 463 464
 109 (0.138373,0.635491)  14  41 134 206 211 225 228 264 288 320 328 373 409 439 467
 110 (0.185839,0.498218)  23  1 16 44 92 96 117 134 188 206 211 222 225 226 259 272 298 311 320 328 365 437 445 457
 111 (0.275353,0.246301)  22  12 21 39 123 200 223 224 265 270 274 281 282 293 310 312 325 433 435 459 462 465 482
 112 (0.923181,0.313071)  21  3 27 121 125 140 144 175 197 271 291 304 339 368 372 400 411 423 427 450 480 500
 113 (0.325671,0.129439)  19  12 17 21 39 97 168 189 242 265 281 310 315 325 353 415 446 459 471 481
 114 (0.651596,0.321929)  26  67 69 77 78 95 102 122 146 149 161 194 208 230 233 237 290 296 299 334 362 374 401 425 436 454 458
 115 (0.347870,0.334526)  17  5 150 158 162 223 274 282 309 326 357 397 416 433 435 462 465 489
 116 (0.417831,0.522209)  23  30 33 72 84 99 147 154 158 164 179 180 244 267 323 331 341 350 366 370 391 404 466 474
 117 (0.175298,0.486244)  21  1 16 44 92 96 110 134 188 206 211 222 226 259 272 298 311 328 365 381 437 457
 118 (0.970017,0.603670)  14  40 46 60 85 201 241 258 280 346 402 413 452 484 487
 119 (0.020427,0.450652)  13  35 44 169 184 243 272 324 380 410 422 437 461 478
 120 (0.732545,0.893198)  21  10 13 14 25 36 42 57 101 132 136 172 232 247 283 301 314 317 352 383 483 497
 121 (0.916741,0.346098)  19  3 27 105 112 125 140 144 178 197 212 291 304 329 339 400 423 427 450 500
 122 (0.580090,0.384141)  21  6 11 15 102 114 146 161 194 233 255 275 302 307 316 331 362 417 425 441 447 458
 123 (0.215126,0.264612)  18  12 21 39 91 103 111 156 200 207 223 224 270 282 293 300 312 469 482
 124 (0.680624,0.997922)  13  24 42 57 127 132 136 172 247 276 286 383 483 497
 125 (0.906350,0.390425)  16  3 105 112 121 140 144 178 197 212 229 291 329 400 427 450 500
 126 (0.750855,0.650641)  13  8 56 58 148 153 246 358 364 375 394 405 444 488
 127 (0.601592,0.926777)  21  13 24 57 82 101 124 138 172 247 261 268 276 284 286 301 319 333 355 383 493 497
 128 (0.841076,0.483400)  15  28 56 83 105 143 178 212 229 246 287 360 412 418 455 499
 129 (0.543839,0.518334)  23  6 59 72 75 84 151 164 179 180 205 302 323 331 341 350 366 370 391 426 440 441 460 473
 130 (0.272875,0.421167)  20  1 92 96 147 150 158 188 222 223 259 282 298 311 326 357 435 457 462 474 489
 131 (0.867541,0.758966)  13  46 60 73 108 141 176 190 201 245 336 394 444 464
 132 (0.782945,0.953499)  15  10 25 42 51 57 120 124 136 210 232 283 314 383 483 497
 133 (0.419088,0.773892)  24  4 20 37 48 89 139 165 170 181 182 218 235 297 318 343 344 348 361 367 376 406 438 477 496
 134 (0.149390,0.533800)  19  1 16 92 109 110 117 188 206 211 225 226 243 259 272 320 328 365 437 445
 135 (0.604141,0.020680)  13  47 55 142 163 234 250 260 262 396 431 449 456 490
 136 (0.700669,0.990467)  15  10 24 42 57 120 124 132 172 247 276 286 314 383 483 497
 137 (0.017201,0.147980)   8  71 157 256 263 403 453 485 494
 138 (0.539014,0.973544)  10  23 24 82 127 276 284 319 355 378 443
 139 (0.411633,0.884742)  26  9 19 23 48 70 133 166 173 181 182 191 217 218 221 254 278 318 327 344 361 378 434 443 448 468 496
 140 (0.906945,0.321959)  21  3 27 105 112 121 125 144 175 178 197 291 304 339 368 372 400 411 423 450 480 500
 141 (0.927044,0.830721)  10  108 131 176 195 210 245 303 332 463 464
 142 (0.658634,0.056336)  16  55 61 68 87 135 163 234 250 260 262 306 396 431 449 486 490
 143 (0.855760,0.531184)  15  56 83 128 148 212 229 246 287 360 412 418 455 484 488 499
 144 (0.851402,0.359303)  21  7 78 105 112 121 125 140 175 178 197 212 229 230 237 291 305 374 400 423 450 480
 145 (0.046802,0.872960)  16  54 79 104 186 193 196 198 227 239 252 321 369 399 407 430 442
 146 (0.679164,0.390416)  26  7 15 28 77 78 102 114 122 161 205 208 219 230 233 237 290 296 299 307 374 386 419 424 425 454 458
 147 (0.332847,0.458435)  19  30 33 99 116 130 150 154 158 188 222 267 311 326 357 404 457 466 474 489
 148 (0.757703,0.586109)  15  8 56 58 126 143 153 246 358 360 375 405 418 455 488 495
 149 (0.712375,0.259891)  28  7 22 29 31 43 67 69 77 78 86 95 114 208 230 237 248 253 290 296 299 334 337 340 374 401 414 436 454
 150 (0.289156,0.416336)  19  92 96 115 130 147 158 222 223 259 282 298 311 326 357 435 457 462 474 489
 151 (0.642445,0.568135)  15  8 59 75 129 205 219 307 386 405 420 426 441 460 473 495
 152 (0.791075,0.140558)  16  29 31 45 50 68 86 87 160 187 248 330 337 389 414 428 451
 153 (0.775639,0.689247)  11  58 126 148 336 358 364 375 382 394 444 488
 154 (0.441095,0.470239)  26  6 11 30 33 84 99 116 147 158 164 180 267 302 316 323 331 341 350 357 359 366 370 391 404 447 474
 155 (0.530974,0.108487)  16  38 47 55 61 65 93 100 163 183 250 262 289 395 396 431 456
 156 (0.147682,0.198798)  18  21 71 103 123 157 207 224 231 256 266 292 293 300 312 345 403 469 494
 157 (0.056348,0.243349)  14  71 103 107 137 156 207 215 256 292 300 345 351 453 469
 158 (0.368377,0.436838)  19  5 30 33 84 99 115 116 130 147 150 154 267 326 357 359 404 457 474 489
 159 (0.615134,0.698792)  11  53 185 203 249 308 354 364 420 460 473 479
 160 (0.811484,0.159452)  17  31 45 50 86 98 152 187 248 330 337 339 372 389 414 428 451 480
 161 (0.577396,0.390774)  22  6 11 15 102 114 122 146 194 233 255 275 302 307 316 331 362 370 417 425 441 447 458
 162 (0.388039,0.252579)  24  5 12 39 80 88 115 168 220 270 274 281 309 310 325 353 371 385 397 416 433 435 459 462 465
 163 (0.629691,0.108371)  22  29 38 43 47 55 61 65 68 135 142 155 234 250 253 260 262 306 334 396 431 449 490
 164 (0.499260,0.535720)  24  6 30 33 72 75 84 99 116 129 154 179 180 302 323 331 341 350 366 370 391 404 440 441 473
 165 (0.451377,0.686039)  22  4 20 37 53 72 74 89 133 170 171 179 235 244 343 348 354 367 376 406 477 479 492
 166 (0.351720,0.867638)  25  9 48 70 139 173 181 182 191 217 218 221 254 278 297 318 327 335 344 434 438 443 448 468 476 496
 167 (0.972558,0.066512)   8  26 76 90 94 209 384 451 498
 168 (0.384831,0.163204)  19  17 39 93 97 100 113 162 189 242 281 310 315 325 353 395 446 459 465 481
 169 (0.027090,0.549955)   7  119 206 243 288 324 328 387
 170 (0.457285,0.772870)  18  4 19 20 37 48 89 133 165 182 235 318 343 348 361 377 406 477 496
 171 (0.415784,0.656781)  21  4 20 53 72 74 89 165 179 235 244 251 338 343 348 354 367 376 398 406 477 492
 172 (0.658326,0.956546)  18  13 24 42 57 101 120 124 127 136 247 276 284 286 301 314 383 483 497
 173 (0.308590,0.867161)  22  2 48 70 139 166 181 191 192 217 218 221 278 285 297 318 327 335 344 432 438 448 476
 174 (0.342820,0.010046)   9  17 18 97 106 242 295 313 315 415
 175 (0.824183,0.281149)  27  7 22 45 77 78 86 112 140 144 178 197 208 230 237 304 305 337 339 372 374 400 411 414 423 428 450 480
 176 (0.933672,0.727651)  15  40 46 60 73 131 141 190 201 241 258 346 402 413 452 464
 177 (0.173250,0.851274)  15  2 54 104 202 213 227 252 264 277 335 356 393 407 430 432
 178 (0.831103,0.390958)  22  7 28 105 121 125 128 140 144 175 197 212 229 230 237 287 296 305 374 400 412 419 450
 179 (0.500521,0.589034)  23  20 53 72 89 116 129 164 165 171 180 249 323 350 354 366 370 391 404 420 440 460 473 479
 180 (0.508055,0.489429)  28  6 11 30 33 75 84 99 116 129 154 164 179 267 275 302 316 323 331 341 350 359 366 370 391 404 440 441 447
 181 (0.347503,0.809111)  23  48 133 139 166 173 191 217 218 221 236 294 297 318 327 343 344 388 406 432 438 476 477 496
 182 (0.456194,0.850875)  25  9 19 23 48 70 82 133 139 166 170 191 218 254 278 318 344 355 361 377 378 406 434 443 468 496
 183 (0.499475,0.171686)  18  38 47 63 65 80 93 100 155 189 199 204 289 353 371 385 395 408 481
 184 (0.090259,0.389867)  17  35 44 91 103 119 215 243 272 342 351 380 381 410 422 437 461 478
 185 (0.578526,0.672725)  11  20 37 53 159 235 249 354 420 460 473 479
 186 (0.022960,0.921363)  13  79 145 193 196 198 214 239 252 321 369 399 430 442
 187 (0.780824,0.079047)  15  45 50 68 87 152 160 209 234 260 330 389 449 486 490 491
 188 (0.261758,0.531015)  20  1 16 92 110 117 130 134 147 222 225 226 251 259 320 338 365 398 445 457 466
 189 (0.410792,0.128327)  18  17 93 100 106 113 168 183 242 281 310 313 315 325 353 395 446 459 481
 190 (0.888158,0.717952)  16  40 46 60 73 131 176 201 245 258 346 358 394 402 413 444 452
 191 (0.381890,0.910266)  27  9 19 23 48 70 139 166 173 181 182 192 217 218 221 240 254 278 285 318 327 344 378 434 443 448 468 496
 192 (0.300014,0.978417)  10  2 64 70 173 191 217 285 327 335 448
 193 (0.107819,0.960416)  15  145 186 198 214 227 239 252 321 356 369 393 399 429 430 442
 194 (0.582991,0.322974)  20  63 67 102 114 122 161 199 204 233 255 275 290 299 316 362 401 408 417 447 458
 195 (0.899780,0.888643)  14  51 52 81 108 141 210 232 245 283 303 332 349 463 464
 196 (0.039463,0.844749)  11  54 79 104 145 186 198 216 239 369 407 430
 197 (0.853989,0.310572)  27  7 27 78 86 105 112 121 125 140 144 175 178 230 237 291 304 305 339 372 374 400 411 414 423 428 450 480
 198 (0.016971,0.927621)  13  79 145 186 193 196 214 239 252 321 369 399 430 442
 199 (0.562701,0.235879)  20  38 61 63 65 67 80 95 183 194 204 253 255 289 334 362 371 385 395 401 408
 200 (0.220839,0.316984)  19  12 91 111 123 223 224 270 282 293 298 300 311 312 326 435 462 469 482 489
 201 (0.906038,0.670520)  18  40 46 60 73 85 118 131 176 190 241 258 346 358 402 413 452 484 487
 202 (0.196295,0.803829)  14  2 41 54 104 177 213 264 277 373 407 409 432 439 476
 203 (0.639958,0.805819)  17  13 36 101 159 261 268 301 308 317 333 352 364 377 382 383 475 493
 204 (0.559164,0.235758)  21  38 61 63 65 67 80 88 95 183 194 199 253 255 289 334 362 371 385 395 401 408
 205 (0.648578,0.493947)  20  15 28 59 75 102 129 146 151 219 307 386 405 419 424 425 426 441 458 460 495
 206 (0.116391,0.576134)  14  16 109 110 117 134 169 211 225 288 320 328 365 387 437
 207 (0.163379,0.211280)  17  21 71 103 123 156 157 224 256 265 266 292 293 300 312 345 469 482
 208 (0.729826,0.337229)  21  7 22 77 78 114 146 149 175 230 237 290 296 299 305 337 374 414 419 425 436 454
 209 (0.893119,0.069418)  13  26 50 76 90 94 167 187 330 384 389 451 491 498
 210 (0.881800,0.926121)  14  10 51 52 81 108 132 141 195 232 283 322 332 349 464
 211 (0.141059,0.533077)  16  1 16 92 109 110 117 134 206 225 243 259 272 320 328 365 437
 212 (0.875236,0.440964)  16  83 105 121 125 128 143 144 178 229 287 329 400 412 418 427 499
 213 (0.161880,0.789637)  13  41 54 104 177 202 264 277 373 407 409 432 439 470
 214 (0.027024,0.991627)   8  186 193 198 239 252 321 399 442
 215 (0.017098,0.325259)  12  35 103 107 157 184 292 342 351 380 422 461 478
 216 (0.000917,0.756851)   5  79 196 228 421 470
 217 (0.328856,0.910217)  23  2 9 48 70 139 166 173 181 191 192 218 221 254 278 285 318 327 335 344 448 468 476 496
 218 (0.394677,0.882717)  26  9 19 23 48 70 133 139 166 173 181 182 191 217 221 254 278 318 327 344 361 378 434 443 448 468 496
 219 (0.682972,0.469915)  20  15 28 59 75 102 146 151 205 307 360 386 405 419 424 425 426 441 454 458 495
 220 (0.443294,0.269913)  17  5 63 80 88 93 162 255 274 309 371 385 395 397 408 416 433 465
 221 (0.323681,0.844852)  21  48 70 139 166 173 181 191 217 218 236 278 297 318 327 335 344 432 438 448 476 496
 222 (0.259552,0.470319)  21  1 16 92 96 110 117 130 147 150 188 226 259 298 311 326 357 365 445 457 466 489
 223 (0.261540,0.340779)  21  12 91 96 111 115 123 130 150 200 270 274 282 298 311 312 326 433 435 462 482 489
 224 (0.170111,0.260469)  16  71 91 103 111 123 156 200 207 270 292 293 300 312 345 469 482
 225 (0.227170,0.590396)  17  1 16 109 110 134 188 206 211 226 251 320 338 365 398 445 466 467
 226 (0.250997,0.564788)  16  1 16 110 117 134 188 222 225 251 320 338 365 398 445 457 466
 227 (0.143186,0.910142)  17  2 54 64 104 145 177 193 239 252 321 356 369 393 399 407 429 430
 228 (0.060311,0.694291)  11  41 109 216 264 277 288 387 409 421 439 470
 229 (0.834701,0.466867)  19  28 56 83 105 125 128 143 144 178 212 246 287 360 400 412 418 424 455 499
 230 (0.754994,0.319863)  27  7 22 77 78 114 144 146 149 175 178 197 208 237 248 290 296 299 305 337 340 374 400 414 419 436 450 454
 231 (0.164610,0.096240)  22  21 34 62 66 71 156 238 256 257 265 266 269 279 295 345 363 379 403 415 471 472 494
 232 (0.807647,0.925105)  14  10 25 51 52 81 108 120 132 195 210 283 314 349 383
 233 (0.580332,0.391780)  21  6 11 15 102 114 122 146 161 194 255 275 302 307 316 331 370 417 425 441 447 458
 234 (0.686637,0.058643)  15  55 68 87 135 142 163 187 260 262 306 396 431 449 486 490
 235 (0.489893,0.723518)  18  4 20 37 53 89 133 165 170 171 185 249 343 348 354 377 406 477 479
 236 (0.301922,0.746948)  15  49 181 221 294 297 367 373 376 388 406 432 438 467 476 477
 237 (0.752934,0.324593)  26  7 22 77 78 114 144 146 149 175 178 197 208 230 248 290 296 299 305 337 374 400 414 419 425 436 454
 238 (0.190385,0.056916)  16  62 66 231 257 265 266 269 279 295 363 379 403 415 471 472 494
 239 (0.066811,0.917544)  17  79 104 145 186 193 196 198 214 227 252 321 356 369 393 399 430 442
 240 (0.420834,0.998032)   7  9 70 191 254 278 443 468
 241 (0.982021,0.647143)  16  40 46 60 73 85 118 176 201 258 280 346 402 413 452 484 487
 242 (0.309324,0.107470)  21  17 21 39 97 113 168 174 189 265 279 281 295 310 315 325 353 415 446 459 471 481
 243 (0.056675,0.471913)  17  35 44 119 134 169 184 211 272 324 328 380 381 410 422 437 461 478
 244 (0.370661,0.611245)  16  4 72 74 89 116 165 171 251 338 348 366 367 376 398 466 492
 245 (0.854418,0.809609)  13  14 25 108 131 141 190 195 283 332 336 394 444 464
 246 (0.796507,0.561047)  21  8 28 56 58 83 126 128 143 148 229 287 358 360 375 405 412 418 424 455 488 495
 247 (0.668161,0.921229)  24  13 24 25 42 57 101 120 124 127 136 172 261 268 276 284 286 301 314 333 352 383 483 493 497
 248 (0.727153,0.217340)  26  22 29 31 43 45 67 69 77 78 86 95 149 152 160 230 237 253 290 299 306 334 337 340 414 428 436
 249 (0.559078,0.650181)  15  20 37 53 72 89 159 179 185 235 354 420 440 460 473 479
 250 (0.568372,0.036477)  12  38 47 55 135 142 155 163 262 347 396 431 456
 251 (0.324811,0.615753)  17  49 74 171 188 225 226 244 294 320 338 367 376 388 398 445 466 492
 252 (0.122095,0.939034)  20  2 54 64 104 145 177 186 193 198 214 227 239 321 356 369 393 399 429 430 442
 253 (0.647722,0.179229)  25  29 31 38 43 47 55 61 65 67 69 95 149 163 199 204 248 260 262 306 334 337 340 401 436 449
 254 (0.425362,0.918601)  22  9 19 23 48 70 139 166 182 191 217 218 240 278 318 327 344 361 378 434 443 468 496
 255 (0.500080,0.315883)  23  11 63 80 88 122 161 194 199 204 220 233 275 309 316 359 362 371 385 397 408 416 417 447
 256 (0.100458,0.152516)  16  34 71 137 156 157 207 231 257 263 266 292 345 403 453 485 494
 257 (0.135942,0.059158)  17  32 34 62 66 231 238 256 266 269 279 295 363 379 392 403 472 494
 258 (0.966064,0.668830)  16  40 46 60 73 85 118 176 190 201 241 346 402 413 452 484 487
 259 (0.188992,0.460752)  22  1 16 44 92 96 110 117 130 134 150 188 211 222 272 298 311 328 365 381 437 457 478
 260 (0.674912,0.088159)  20  29 31 43 55 61 68 87 135 142 163 187 234 253 262 306 396 431 449 486 490
 261 (0.607864,0.836714)  19  13 24 82 101 127 203 247 268 284 301 308 317 333 352 355 377 383 475 493
 262 (0.639981,0.100274)  22  29 38 43 47 55 61 65 68 135 142 155 163 234 250 253 260 306 396 431 449 486 490
 263 (0.006760,0.107944)  10  32 34 137 256 390 392 403 453 485 494
 264 (0.152597,0.740439)  15  41 54 104 109 177 202 213 228 277 373 407 409 439 467 470
 265 (0.252790,0.142702)  22  12 21 39 97 111 113 207 231 238 242 266 270 279 281 293 295 310 325 415 459 471 482
 266 (0.167102,0.118661)  21  21 62 71 156 207 231 238 256 257 265 269 279 295 345 363 379 403 415 471 472 494
 267 (0.409269,0.441782)  23  5 6 11 30 33 84 99 116 147 154 158 180 316 323 331 341 350 357 359 366 404 447 474
 268 (0.603454,0.842014)  20  13 24 82 101 127 203 247 261 284 301 308 317 333 352 355 361 377 383 475 493
 269 (0.206820,0.017132)  12  62 66 231 238 257 266 279 295 363 379 415 472
 270 (0.278497,0.243434)  23  12 21 39 111 123 162 200 223 224 265 274 281 282 293 310 312 325 433 435 459 462 465 482
 271 (0.942288,0.213580)  16  27 76 98 112 273 304 339 368 372 384 411 423 451 480 498 500
 272 (0.125076,0.431094)  24  1 16 35 44 91 92 96 110 117 119 134 184 211 243 259 298 328 342 381 410 422 437 461 478
 273 (0.983873,0.195078)  12  27 76 98 271 304 368 372 384 411 451 498 500
 274 (0.356282,0.292178)  23  5 12 39 88 111 115 162 220 223 270 281 282 309 325 326 397 416 433 435 462 465 482 489
 275 (0.549755,0.393142)  20  6 11 84 102 122 161 180 194 233 255 302 316 331 341 359 370 417 441 447 458
 276 (0.636860,0.959736)  19  13 24 42 57 101 124 127 136 138 172 247 284 286 301 319 333 383 483 497
 277 (0.134192,0.756575)  13  41 54 104 177 202 213 228 264 373 407 409 439 470
 278 (0.410274,0.915357)  25  9 19 23 48 70 139 166 173 182 191 217 218 221 240 254 318 327 344 361 378 434 443 448 468 496
 279 (0.203170,0.076480)  19  21 62 66 97 231 238 242 257 265 266 269 295 363 379 403 415 471 472 494
 280 (0.970156,0.535349)   9  40 83 85 118 241 413 484 487 499
 281 (0.346451,0.187043)  22  12 39 97 111 113 162 168 189 242 265 270 274 310 325 353 433 446 459 465 471 481 482
 282 (0.271557,0.326438)  22  12 91 111 115 123 130 150 200 223 270 274 293 298 311 312 326 433 435 462 465 482 489
 283 (0.827527,0.896206)  16  10 14 25 51 52 81 108 120 132 195 210 232 245 314 332 349
 284 (0.580185,0.908417)  24  13 19 23 24 57 82 101 127 138 172 247 261 268 276 286 301 319 333 355 361 377 378 475 493
 285 (0.286173,0.961719)  10  2 64 70 173 191 192 217 327 335 448
 286 (0.652781,0.990458)  15  24 42 57 101 124 127 136 172 247 276 284 301 383 483 497
 287 (0.823774,0.489343)  16  28 56 83 105 128 143 178 212 229 246 360 412 418 424 455 499
 288 (0.038199,0.622937)   6  109 169 206 228 387 421
 289 (0.525808,0.170225)  17  38 47 61 63 65 67 80 93 100 155 183 199 204 371 385 395 408
 290 (0.676386,0.309756)  26  7 22 67 69 77 78 95 114 146 149 194 208 230 237 248 296 299 334 337 340 374 401 425 436 454 458
 291 (0.949375,0.353335)  16  3 27 105 112 121 125 140 144 197 304 329 400 423 427 450 500
 292 (0.066431,0.256571)  14  71 103 107 156 157 207 215 224 256 300 342 345 351 469
 293 (0.218173,0.235548)  17  12 21 39 111 123 156 200 207 224 265 270 282 300 312 345 469 482
 294 (0.315054,0.719213)  21  4 49 74 181 236 251 297 338 348 367 373 376 388 398 406 432 438 467 476 477 492
 295 (0.247029,0.041947)  17  62 66 97 174 231 238 242 257 265 266 269 279 363 379 415 471 472
 296 (0.724891,0.353253)  20  7 22 28 77 78 114 146 149 178 208 230 237 290 299 305 374 419 425 436 454
 297 (0.342150,0.772837)  21  4 48 49 133 166 173 181 221 236 294 318 343 344 367 376 388 406 432 438 476 477
 298 (0.212172,0.401278)  22  1 16 44 91 92 96 110 117 130 150 200 222 223 259 272 282 311 326 381 457 478 489
 299 (0.663009,0.291524)  28  7 22 31 43 67 69 77 78 95 114 146 149 194 208 230 237 248 290 296 334 337 340 362 374 401 436 454 458
 300 (0.126172,0.278604)  17  71 91 103 123 156 157 200 207 224 292 293 312 342 345 351 381 469
 301 (0.657849,0.881182)  25  13 24 25 36 57 101 120 127 172 203 247 261 268 276 284 286 308 314 317 333 352 383 475 493 497
 302 (0.527072,0.441226)  27  6 11 33 75 84 99 102 122 129 154 161 164 180 233 275 316 323 331 341 350 359 370 391 417 441 447 458
 303 (0.997816,0.904878)   8  81 141 195 322 332 349 463 464
 304 (0.923129,0.251963)  20  3 27 98 112 121 140 175 197 271 273 291 339 368 372 411 423 428 450 480 500
 305 (0.794479,0.339966)  20  7 22 77 78 105 144 175 178 197 208 230 237 296 374 400 414 419 450 454 480
 306 (0.677715,0.135302)  24  29 31 43 55 61 65 67 68 69 95 142 163 234 248 253 260 262 334 340 396 431 449 486 490
 307 (0.653241,0.457488)  21  15 28 59 75 102 122 146 151 161 205 219 233 386 419 424 425 426 441 454 458 495
 308 (0.631490,0.803888)  15  13 36 101 159 203 261 268 301 317 333 352 364 377 475 493
 309 (0.413905,0.311090)  19  5 80 88 115 162 220 255 274 316 359 385 397 408 416 433 435 447 462 465
 310 (0.338670,0.158562)  23  12 17 21 39 97 111 113 162 168 189 242 265 270 281 315 325 353 446 459 465 471 481 482
 311 (0.245114,0.411721)  21  1 16 91 92 96 110 117 130 147 150 200 222 223 259 282 298 326 357 457 462 489
 312 (0.215968,0.261799)  18  12 21 39 91 103 111 123 156 200 207 223 224 270 282 293 300 469 482
 313 (0.410525,0.039593)  10  17 18 100 106 174 189 315 347 446 481
 314 (0.751687,0.893684)  19  10 13 14 25 36 57 120 132 136 172 232 247 283 301 317 352 383 483 497
 315 (0.397101,0.063766)  16  17 18 97 100 106 113 168 174 189 242 310 313 347 353 446 481
 316 (0.497081,0.383177)  25  6 11 84 88 99 122 154 161 180 194 233 255 267 275 302 309 323 331 341 359 370 397 416 417 447
 317 (0.697572,0.811006)  18  13 14 25 36 101 120 203 261 268 301 308 314 336 352 364 382 383 493
 318 (0.374856,0.835751)  27  48 70 133 139 166 170 173 181 182 191 217 218 221 254 278 297 327 344 406 434 438 443 448 468 476 477 496
 319 (0.541739,0.942686)  16  19 23 24 82 101 127 138 276 284 333 355 361 378 434 443 493
 320 (0.222727,0.590825)  17  1 16 109 110 134 188 206 211 225 226 251 338 365 398 445 466 467
 321 (0.097550,0.952264)  15  145 186 193 198 214 227 239 252 356 369 393 399 429 430 442
 322 (0.982279,0.974414)   5  52 81 210 303 349
 323 (0.484508,0.494650)  27  6 11 30 33 72 84 99 116 129 154 164 179 180 267 302 316 331 341 350 359 366 370 391 404 440 441 447
 324 (0.016031,0.479360)   9  35 119 169 243 380 410 422 437 461
 325 (0.357591,0.182080)  23  12 17 39 93 97 111 113 162 168 189 242 265 270 274 281 310 353 433 446 459 465 481 482
 326 (0.305656,0.390887)  20  5 115 130 147 150 158 200 222 223 274 282 298 311 357 433 435 457 462 474 489
 327 (0.315111,0.899330)  20  2 48 70 139 166 173 181 191 192 217 218 221 254 278 285 318 335 344 448 476
 328 (0.124766,0.528384)  17  1 16 44 92 109 110 117 134 169 206 211 243 259 272 365 410 437
 329 (0.981712,0.412661)   7  3 121 125 212 291 427 500
 330 (0.851594,0.107045)  13  45 50 76 87 98 152 160 187 209 389 451 491 498
 331 (0.502798,0.466220)  30  6 11 30 33 84 99 116 122 129 154 161 164 180 233 267 275 302 316 323 341 350 359 366 370 391 404 417 440 441 447
 332 (0.907311,0.867625)  12  52 81 108 141 195 210 245 283 303 349 463 464
 333 (0.586405,0.860389)  22  13 19 23 24 82 101 127 203 247 261 268 276 284 301 308 319 352 355 361 377 475 493
 334 (0.648300,0.212967)  25  22 29 31 43 61 65 67 69 77 95 114 149 163 199 204 248 253 290 299 306 337 340 362 401 436
 335 (0.258512,0.901516)  14  2 64 166 173 177 192 217 221 285 327 356 432 448 476
 336 (0.759719,0.773065)  12  14 25 36 131 153 245 317 352 364 382 394 444
 337 (0.741351,0.240223)  28  7 22 29 31 43 45 69 77 78 86 95 149 152 160 175 208 230 237 248 253 290 299 334 340 374 414 428 436
 338 (0.314177,0.611313)  17  49 74 171 188 225 226 244 251 294 320 367 376 388 398 445 466 492
 339 (0.880110,0.244149)  22  27 45 86 98 112 121 140 160 175 197 271 304 368 372 389 411 414 423 428 450 451 480
 340 (0.706443,0.221488)  22  22 29 31 43 67 69 77 78 86 95 149 230 248 253 290 299 306 334 337 401 414 436
 341 (0.478938,0.466515)  28  6 11 30 33 84 99 116 129 154 164 180 267 275 302 316 323 331 350 359 366 370 391 404 417 440 441 447 474
 342 (0.104538,0.354743)  17  35 44 91 103 184 215 272 292 300 351 380 381 410 422 461 469 478
 343 (0.434455,0.737449)  19  4 20 37 53 74 89 133 165 170 171 181 235 297 348 354 367 376 406 477
 344 (0.368031,0.864256)  25  9 48 70 133 139 166 173 181 182 191 217 218 221 254 278 297 318 327 434 438 443 448 468 476 496
 345 (0.127808,0.175806)  15  21 71 156 157 207 224 231 256 266 292 293 300 403 453 494
 346 (0.977672,0.682208)  15  40 46 60 73 85 118 176 190 201 241 258 402 413 452 487
 347 (0.475569,0.007919)   7  18 100 106 250 313 315 456
 348 (0.419955,0.684115)  21  4 20 37 53 72 74 89 133 165 170 171 235 244 294 343 354 367 376 406 477 492
 349 (0.903696,0.954507)  12  10 51 52 81 108 195 210 232 283 303 322 332
 350 (0.474434,0.524492)  22  6 30 33 72 84 99 116 129 154 164 179 180 267 302 323 331 341 366 370 391 404 440
 351 (0.038858,0.338151)  16  35 44 103 107 157 184 215 292 300 342 380 381 410 422 461 478
 352 (0.691956,0.842465)  21  13 14 25 36 57 101 120 203 247 261 268 301 308 314 317 333 336 364 382 383 493
 353 (0.388749,0.166667)  21  17 39 93 97 100 113 162 168 183 189 242 281 310 315 325 385 395 446 459 465 481
 354 (0.513957,0.669628)  19  4 20 37 53 72 89 159 165 171 179 185 235 249 343 348 420 440 473 479
 355 (0.524673,0.864318)  20  19 23 82 101 127 138 182 261 268 284 319 333 361 377 378 434 443 475 493 496
 356 (0.174585,0.933912)  13  2 54 64 177 193 227 239 252 321 335 393 399 429
 357 (0.353744,0.428369)  21  5 30 33 99 115 130 147 150 154 158 222 267 311 326 359 404 435 457 462 474 489
 358 (0.818825,0.649019)  19  8 40 46 56 58 60 73 126 148 153 190 201 246 375 394 402 444 455 488
 359 (0.458404,0.392602)  27  5 6 11 30 33 84 88 99 154 158 180 255 267 275 302 309 316 323 331 341 357 370 397 416 417 447 474
 360 (0.766520,0.510781)  20  8 28 56 128 143 148 219 229 246 287 375 386 405 412 418 419 424 455 488 495
 361 (0.491485,0.847153)  24  19 23 48 82 133 139 170 182 218 254 268 278 284 319 333 355 377 378 434 443 468 475 493 496
 362 (0.559269,0.280477)  20  63 65 67 80 88 114 122 161 194 199 204 255 299 334 371 385 397 401 408 417
 363 (0.180409,0.016158)  15  32 62 66 231 238 257 266 269 279 295 379 403 415 472 494
 364 (0.711471,0.733854)  13  14 36 126 153 159 203 308 317 336 352 382 394 444
 365 (0.214389,0.534153)  20  1 16 92 96 110 117 134 188 206 211 222 225 226 259 320 328 437 445 457 466
 366 (0.444527,0.530295)  22  30 33 72 84 99 116 129 154 164 179 180 244 267 323 331 341 350 370 391 404 440 474
 367 (0.382873,0.672793)  22  4 20 49 74 89 133 165 171 236 244 251 294 297 338 343 348 376 388 398 406 477 492
 368 (0.926755,0.211048)  19  27 76 98 112 140 271 273 304 339 372 384 389 411 423 428 451 480 498 500
 369 (0.041076,0.874358)  15  79 104 145 186 193 196 198 227 239 252 321 399 407 430 442
 370 (0.519946,0.486023)  29  6 11 30 33 75 84 99 116 129 154 161 164 179 180 233 275 302 316 323 331 341 350 359 366 391 404 440 441 447
 371 (0.491525,0.221485)  19  38 63 65 80 88 93 162 183 199 204 220 255 289 362 385 395 397 408 416
 372 (0.890516,0.231417)  23  27 45 86 98 112 140 160 175 197 271 273 304 339 368 389 411 414 423 428 450 451 480 498
 373 (0.219877,0.705914)  14  41 49 109 202 213 236 264 277 294 388 409 432 439 467
 374 (0.755638,0.335044)  26  7 22 77 78 114 144 146 149 175 178 197 208 230 237 290 296 299 305 337 400 414 419 425 436 450 454
 375 (0.761712,0.602751)  14  8 56 58 126 148 153 246 358 360 405 418 455 488 495
 376 (0.378707,0.682392)  22  4 20 49 74 89 133 165 171 236 244 251 294 297 338 343 348 367 388 398 406 477 492
 377 (0.546091,0.802788)  17  19 23 37 82 170 182 203 235 261 268 284 308 333 355 361 475 493
 378 (0.477109,0.898653)  21  9 19 23 48 70 82 138 139 182 191 218 254 278 284 319 355 361 434 443 468 496
 379 (0.168416,0.037616)  16  32 34 62 66 231 238 257 266 269 279 295 363 403 415 472 494
 380 (0.024273,0.367625)  15  35 44 107 119 184 215 243 324 342 351 381 410 422 461 478
 381 (0.130069,0.388293)  22  35 44 91 92 96 103 117 184 243 259 272 298 300 342 351 380 410 422 437 461 469 478
 382 (0.743530,0.779911)  12  13 14 25 36 153 203 317 336 352 364 394 444
 383 (0.702668,0.891781)  28  13 14 24 25 36 42 57 101 120 124 127 132 136 172 203 232 247 261 268 276 286 301 314 317 352 483 493 497
 384 (0.991043,0.122237)  10  26 76 98 167 209 271 273 368 451 498
 385 (0.462303,0.248759)  19  63 80 88 93 162 183 199 204 220 255 289 309 353 362 371 395 397 408 416
 386 (0.694569,0.468152)  20  15 28 59 75 102 146 151 205 219 307 360 405 418 419 424 425 426 454 458 495
 387 (0.020890,0.630718)   5  169 206 228 288 421
 388 (0.286376,0.718842)  15  49 181 236 251 294 297 338 367 373 376 432 438 467 476 477
 389 (0.835777,0.150959)  18  45 50 76 86 98 152 160 187 209 330 339 368 372 411 428 451 480 498
 390 (0.019011,0.029906)   7  32 34 263 392 403 453 485
 391 (0.498753,0.538445)  24  6 30 33 72 75 84 99 116 129 154 164 179 180 302 323 331 341 350 366 370 404 440 441 473
 392 (0.042741,0.010055)   8  32 34 257 263 390 403 472 485
 393 (0.152143,0.961056)  11  2 64 177 193 227 239 252 321 356 399 429
 394 (0.787204,0.737310)  13  14 36 58 126 131 153 190 245 336 358 364 382 444
 395 (0.478207,0.173033)  21  38 47 63 65 80 93 100 155 168 183 189 199 204 220 289 353 371 385 408 446 481
 396 (0.591774,0.073580)  16  38 47 55 61 135 142 155 163 234 250 260 262 306 431 449 456
 397 (0.456152,0.313983)  20  5 11 63 80 88 115 162 220 255 274 309 316 359 362 371 385 408 416 417 447
 398 (0.323993,0.610785)  16  49 74 171 188 225 226 244 251 294 320 338 367 376 445 466 492
 399 (0.103486,0.954905)  15  145 186 193 198 214 227 239 252 321 356 369 393 429 430 442
 400 (0.852428,0.366733)  19  7 105 112 121 125 140 144 175 178 197 212 229 230 237 291 305 374 423 450
 401 (0.620840,0.255629)  22  29 31 43 61 63 65 67 69 95 114 149 194 199 204 253 290 299 334 340 362 408 436
 402 (0.915961,0.639632)  17  40 46 60 73 85 118 176 190 201 241 258 346 358 413 452 484 487
 403 (0.104043,0.099046)  22  32 34 62 71 137 156 231 238 256 257 263 266 279 345 363 379 390 392 453 472 485 494
 404 (0.428662,0.507735)  23  11 30 33 72 84 99 116 147 154 158 164 179 180 267 323 331 341 350 357 366 370 391 474
 405 (0.713212,0.560196)  21  8 28 56 58 59 126 148 151 205 219 246 360 375 386 418 424 426 455 460 488 495
 406 (0.413030,0.752655)  23  4 20 37 48 74 89 133 165 170 171 181 182 235 236 294 297 318 343 348 367 376 438 477
 407 (0.118520,0.816698)  17  41 54 79 104 145 177 196 202 213 227 264 277 369 409 430 439 470
 408 (0.515101,0.265457)  21  63 65 67 80 88 183 194 199 204 220 255 289 309 362 371 385 395 397 401 416 417
 409 (0.119388,0.739360)  13  41 54 104 109 202 213 228 264 277 373 407 439 470
 410 (0.072326,0.431061)  16  35 44 119 184 243 272 324 328 342 351 380 381 422 437 461 478
 411 (0.905089,0.223431)  23  27 45 76 86 98 112 140 175 197 271 273 304 339 368 372 389 423 428 450 451 480 498 500
 412 (0.838406,0.500988)  15  28 56 83 105 128 143 178 212 229 246 287 360 418 455 499
 413 (0.938796,0.618301)  18  40 46 60 73 83 85 118 176 190 201 241 258 280 346 402 452 484 487
 414 (0.783627,0.251436)  29  7 22 29 31 45 69 77 78 86 149 152 160 175 197 208 230 237 248 305 337 339 340 372 374 423 428 436 450 480
 415 (0.253643,0.057316)  17  21 62 66 97 113 174 231 238 242 265 266 269 279 295 363 379 471
 416 (0.434999,0.298727)  21  5 63 80 88 115 162 220 255 274 309 316 359 371 385 397 408 417 433 435 447 465
 417 (0.516893,0.373031)  21  6 11 84 88 122 161 194 233 255 275 302 316 331 341 359 362 397 408 416 447 458
 418 (0.796676,0.507325)  21  8 28 56 83 128 143 148 212 229 246 287 360 375 386 405 412 419 424 455 488 499
 419 (0.729789,0.421983)  21  7 15 28 102 146 178 205 208 219 230 237 296 305 307 360 374 386 418 424 425 454
 420 (0.596462,0.635082)  12  53 59 151 159 179 185 249 354 440 460 473 479
 421 (0.008313,0.668585)   5  216 228 288 387 470
 422 (0.040284,0.380089)  16  35 44 107 119 184 215 243 272 324 342 351 380 381 410 461 478
 423 (0.886518,0.261956)  23  27 45 86 98 112 121 140 144 175 197 271 291 304 339 368 372 400 411 414 428 450 480 500
 424 (0.725901,0.475283)  23  8 15 28 56 59 102 146 205 219 229 246 287 307 360 386 405 418 419 425 426 454 455 495
 425 (0.678816,0.403411)  21  15 28 102 114 122 146 161 205 208 219 233 237 290 296 307 374 386 419 424 454 458
 426 (0.634987,0.522576)  16  15 59 75 102 129 151 205 219 307 386 405 424 441 460 473 495
 427 (0.982608,0.408605)   8  3 112 121 125 212 291 329 500
 428 (0.825394,0.231449)  24  7 22 45 77 78 86 98 152 160 175 197 248 304 337 339 368 372 389 411 414 423 450 451 480
 429 (0.157658,0.990921)   9  2 64 193 227 252 321 356 393 399
 430 (0.077190,0.865678)  16  54 79 104 145 177 186 193 196 198 227 239 252 321 369 399 407
 431 (0.611538,0.044176)  17  38 47 55 61 135 142 155 163 234 250 260 262 306 396 449 456 490
 432 (0.252878,0.803090)  18  2 49 54 173 177 181 202 213 221 236 294 297 335 373 388 438 467 476
 433 (0.340961,0.290355)  21  5 12 39 111 115 162 220 223 270 274 281 282 309 325 326 416 435 462 465 482 489
 434 (0.447587,0.887865)  22  9 19 23 48 70 82 139 166 182 191 218 254 278 318 319 344 355 361 378 443 468 496
 435 (0.325666,0.323568)  22  5 12 39 111 115 130 150 162 200 223 270 274 282 309 326 357 416 433 462 465 482 489
 436 (0.698960,0.272981)  27  7 22 29 31 43 67 69 77 78 95 114 149 208 230 237 248 253 290 296 299 334 337 340 374 401 414 454
 437 (0.119314,0.483325)  22  1 16 44 92 96 110 117 119 134 184 206 211 243 259 272 324 328 365 381 410 461 478
 438 (0.314490,0.776149)  16  49 133 166 173 181 221 236 294 297 318 344 388 406 432 476 477
 439 (0.138659,0.730853)  14  41 54 104 109 202 213 228 264 277 373 407 409 467 470
 440 (0.527501,0.567367)  21  53 72 75 129 164 179 180 249 323 331 341 350 354 366 370 391 420 441 460 473 479
 441 (0.579239,0.479620)  25  6 15 59 75 102 122 129 151 161 164 180 205 219 233 275 302 307 323 331 341 370 391 426 440 458
 442 (0.021207,0.975088)  10  145 186 193 198 214 239 252 321 369 399
 443 (0.455232,0.904906)  24  9 19 23 48 70 82 138 139 166 182 191 218 240 254 278 318 319 344 355 361 378 434 468 496
 444 (0.803188,0.720167)  14  14 58 60 73 126 131 153 190 245 336 358 364 382 394
 445 (0.248070,0.574547)  15  1 16 110 134 188 222 225 226 251 320 338 365 398 457 466
 446 (0.388231,0.117678)  18  17 93 97 100 106 113 168 189 242 281 310 313 315 325 353 395 459 481
 447 (0.496316,0.386729)  26  6 11 33 84 88 99 122 154 161 180 194 233 255 267 275 302 309 316 323 331 341 359 370 397 416 417
 448 (0.305400,0.915732)  18  2 48 64 70 139 166 173 191 192 217 218 221 278 285 318 327 335 344
 449 (0.685046,0.075555)  18  29 55 61 68 87 135 142 163 187 234 253 260 262 306 396 431 486 490
 450 (0.866349,0.326607)  24  7 27 105 112 121 125 140 144 175 178 197 230 291 304 305 339 372 374 400 411 414 423 428 480
 451 (0.890820,0.140278)  20  45 50 76 86 98 152 160 167 209 271 273 330 339 368 372 384 389 411 428 498
 452 (0.980461,0.669538)  16  40 46 60 73 85 118 176 190 201 241 258 346 402 413 484 487
 453 (0.046774,0.138890)  11  34 71 137 157 256 263 345 390 403 485 494
 454 (0.714825,0.368692)  25  7 15 28 77 78 102 114 146 149 208 219 230 237 290 296 299 305 307 374 386 419 424 425 436 458
 455 (0.787216,0.543090)  20  8 28 56 58 83 128 143 148 229 246 287 358 360 375 405 412 418 424 488 495
 456 (0.525619,0.020225)   8  47 100 135 155 250 347 396 431
 457 (0.284423,0.472261)  23  1 16 92 96 110 117 130 147 150 158 188 222 226 259 298 311 326 357 365 445 466 474 489
 458 (0.618645,0.391968)  21  6 15 102 114 122 146 161 194 205 219 233 275 290 299 302 307 386 417 425 441 454
 459 (0.346832,0.175243)  22  12 17 21 39 97 111 113 162 168 189 242 265 270 281 310 325 353 446 465 471 481 482
 460 (0.612539,0.599106)  16  59 75 129 151 159 179 185 205 249 405 420 426 440 473 479 495
 461 (0.061506,0.393606)  16  35 44 119 184 215 243 272 324 342 351 380 381 410 422 437 478
 462 (0.314133,0.327364)  22  5 12 39 111 115 130 150 162 200 223 270 274 282 309 311 326 357 433 435 465 482 489
 463 (0.967798,0.848722)   7  81 108 141 195 303 332 464
 464 (0.936696,0.839752)  11  81 108 131 141 176 195 210 245 303 332 463
 465 (0.347589,0.252221)  22  5 12 39 111 115 162 168 220 270 274 281 282 309 310 325 353 416 433 435 459 462 482
 466 (0.320983,0.555341)  17  30 116 147 188 222 225 226 244 251 320 338 365 398 445 457 474 492
 467 (0.231721,0.694421)  12  41 49 109 225 236 264 294 320 373 388 432 439
 468 (0.427464,0.933523)  21  9 19 23 48 70 139 166 182 191 217 218 240 254 278 318 344 361 378 434 443 496
 469 (0.154447,0.293227)  16  71 91 103 123 156 157 200 207 224 292 293 300 312 342 381 478
 470 (0.088026,0.741597)  13  41 54 79 104 213 216 228 264 277 407 409 421 439
 471 (0.260887,0.122245)  18  12 21 39 62 97 113 231 238 242 265 266 279 281 295 310 415 459 482
 472 (0.141949,0.024722)  16  32 34 62 66 231 238 257 266 269 279 295 363 379 392 403 494
 473 (0.581349,0.608476)  18  53 59 72 75 129 151 159 164 179 185 249 354 391 420 426 440 460 479
 474 (0.374466,0.462932)  20  5 30 33 84 99 116 130 147 150 154 158 267 326 341 357 359 366 404 457 466
 475 (0.580063,0.813070)  14  37 82 101 203 261 268 284 301 308 333 355 361 377 493
 476 (0.302897,0.801930)  18  48 49 166 173 181 202 217 221 236 294 297 318 327 335 344 388 432 438
 477 (0.396455,0.734510)  24  4 20 37 49 74 89 133 165 170 171 181 235 236 294 297 318 343 348 367 376 388 406 438 492
 478 (0.106296,0.390923)  22  35 44 91 92 96 103 119 184 215 243 259 272 298 342 351 380 381 410 422 437 461 469
 479 (0.543527,0.657342)  16  20 37 53 72 89 159 165 179 185 235 249 354 420 440 460 473
 480 (0.856755,0.248245)  22  27 45 86 98 112 140 144 160 175 197 271 304 305 339 368 372 389 411 414 423 428 450
 481 (0.415646,0.124876)  18  17 93 100 106 113 168 183 189 242 281 310 313 315 325 353 395 446 459
 482 (0.265818,0.231221)  24  12 21 39 111 123 200 207 223 224 265 270 274 281 282 293 310 312 325 433 435 459 462 465 471
 483 (0.711177,0.995709)  14  10 42 57 120 124 132 136 172 247 276 286 314 383 497
 484 (0.937946,0.568715)  15  40 46 83 85 118 143 201 241 258 280 402 413 452 487 499
 485 (0.033151,0.107632)  10  32 34 137 256 263 390 392 403 453 494
 486 (0.730219,0.044242)  12  55 68 87 142 187 234 260 262 306 449 490 491
 487 (0.959639,0.576679)  15  40 46 83 85 118 201 241 258 280 346 402 413 452 484 499
 488 (0.764973,0.586974)  15  8 56 58 126 143 148 153 246 358 360 375 405 418 455 495
 489 (0.292487,0.375284)  20  5 96 115 130 147 150 158 200 222 223 274 282 298 311 326 357 433 435 457 462
 490 (0.701555,0.030792)  14  55 68 87 135 142 163 187 234 260 262 306 431 449 486
 491 (0.818195,0.003664)   7  50 68 87 187 209 330 486
 492 (0.370993,0.639501)  16  4 49 74 89 165 171 244 251 294 338 348 367 376 398 466 477
 493 (0.599507,0.851347)  21  13 24 82 101 127 203 247 261 268 284 301 308 317 319 333 352 355 361 377 383 475
 494 (0.111296,0.101211)  20  32 34 62 71 137 156 231 238 256 257 263 266 279 345 363 379 403 453 472 485
 495 (0.683743,0.559145)  19  8 56 59 75 148 151 205 219 246 307 360 375 386 405 424 426 455 460 488
 496 (0.428025,0.876269)  26  9 19 23 48 70 82 133 139 166 170 181 182 191 217 218 221 254 278 318 344 355 361 378 434 443 468
 497 (0.688185,0.976230)  18  13 24 42 57 101 120 124 127 132 136 172 247 276 286 301 314 383 483
 498 (0.934429,0.129580)  14  50 76 98 167 209 271 273 330 368 372 384 389 411 451
 499 (0.907061,0.506381)  11  83 128 143 212 229 280 287 412 418 484 487
 500 (0.979895,0.305422)  15  3 27 112 121 125 140 271 273 291 304 329 368 411 423 427
